60 30 2340
 1  1 -1.153E+00  1.000E+00
 1  3 -2.166E-12 -4.640E-13
 1  5 -7.775E-01  5.654E-01
 1  6 -7.787E-01  5.662E-01
 1  7 -5.671E-01  3.373E-01
 1  8  2.075E-01 -1.469E-01
 1  9 -4.743E-01  3.356E-01
 1 10  2.304E-01 -1.631E-01
 1 11 -2.425E-01  1.323E-01
 1 12 -2.434E-01  1.329E-01
 1 13 -1.166E-01  5.220E-02
 1 15  1.750E-01 -9.231E-02
 1 17 -7.195E-02  3.556E-02
 1 18 -7.207E-02  3.560E-02
 1 19 -5.671E-01  3.373E-01
 1 20  2.075E-01 -1.469E-01
 1 21  4.743E-01 -3.356E-01
 1 22  2.304E-01 -1.631E-01
 1 23 -2.425E-01  1.323E-01
 1 24 -2.434E-01  1.329E-01
 1 25  5.348E-06  2.002E-10
 1 27 -1.453E-05 -6.624E-10
 1 31 -3.998E-03  7.288E-04
 1 32  1.240E-03 -2.462E-04
 1 33  8.622E-03 -1.688E-03
 1 34  1.377E-03 -2.733E-04
 1 35 -1.984E-03  2.632E-04
 1 36 -1.993E-03  2.649E-04
 1 37  5.348E-06  2.002E-10
 1 39  1.453E-05  6.624E-10
 1 49 -1.166E-01  5.220E-02
 1 51 -1.750E-01  9.231E-02
 1 53 -7.195E-02  3.556E-02
 1 54 -7.207E-02  3.560E-02
 1 55 -3.998E-03  7.288E-04
 1 56  1.240E-03 -2.462E-04
 1 57 -8.622E-03  1.688E-03
 1 58  1.377E-03 -2.733E-04
 1 59 -1.984E-03  2.632E-04
 1 60 -1.993E-03  2.649E-04
 2  2 -5.327E-01  1.000E+00
 2  5 -9.799E-02  9.252E-02
 2  6  4.801E-01 -4.907E-01
 2  7 -2.075E-01  1.469E-01
 2  8 -1.794E-01  1.531E-01
 2  9 -1.865E-01  1.701E-01
 2 10  8.695E-02 -8.265E-02
 2 11 -6.556E-02  3.208E-02
 2 12 -2.054E-01  1.506E-01
 2 14 -4.739E-02  2.724E-02
 2 17 -1.095E-02  4.769E-03
 2 18  3.173E-02 -2.528E-02
 2 19 -2.075E-01  1.469E-01
 2 20 -1.794E-01  1.531E-01
 2 21  1.865E-01 -1.701E-01
 2 22  8.695E-02 -8.265E-02
 2 23 -6.556E-02  3.208E-02
 2 24 -2.054E-01  1.506E-01
 2 26  7.552E-08  3.444E-10
 2 31 -1.240E-03  2.462E-04
 2 32 -9.255E-04  1.287E-04
 2 33  2.783E-03 -5.985E-04
 2 34  4.382E-04 -9.692E-05
 2 35 -4.451E-04  5.456E-05
 2 36 -1.805E-03  2.567E-04
 2 38  7.552E-08  3.444E-10
 2 50 -4.739E-02  2.724E-02
 2 53 -1.095E-02  4.769E-03
 2 54  3.173E-02 -2.528E-02
 2 55 -1.240E-03  2.462E-04
 2 56 -9.255E-04  1.287E-04
 2 57 -2.783E-03  5.985E-04
 2 58  4.382E-04 -9.692E-05
 2 59 -4.451E-04  5.456E-05
 2 60 -1.805E-03  2.567E-04
 3  1 -1.241E-12  4.640E-13
 3  3 -5.874E-01  1.000E+00
 3  7  4.743E-01 -3.356E-01
 3  8 -1.865E-01  1.701E-01
 3  9  1.594E-01 -1.612E-01
 3 10 -2.072E-01  1.889E-01
 3 11  1.965E-01 -1.161E-01
 3 12  1.971E-01 -1.166E-01
 3 13 -1.750E-01  9.231E-02
 3 15  2.269E-01 -1.536E-01
 3 17 -9.941E-02  5.913E-02
 3 18 -9.958E-02  5.921E-02
 3 19 -4.743E-01  3.356E-01
 3 20  1.865E-01 -1.701E-01
 3 21  1.594E-01 -1.612E-01
 3 22  2.072E-01 -1.889E-01
 3 23 -1.965E-01  1.161E-01
 3 24 -1.971E-01  1.166E-01
 3 25  1.453E-05  6.624E-10
 3 27 -3.943E-05 -1.838E-09
 3 31 -8.622E-03  1.688E-03
 3 32  2.783E-03 -5.985E-04
 3 33  1.837E-02 -3.887E-03
 3 34  3.090E-03 -6.644E-04
 3 35 -4.168E-03  5.923E-04
 3 36 -4.188E-03  5.963E-04
 3 37 -1.453E-05 -6.624E-10
 3 39 -3.943E-05 -1.838E-09
 3 49  1.750E-01 -9.231E-02
 3 51  2.269E-01 -1.536E-01
 3 53  9.941E-02 -5.913E-02
 3 54  9.958E-02 -5.921E-02
 3 55  8.622E-03 -1.688E-03
 3 56 -2.783E-03  5.985E-04
 3 57  1.837E-02 -3.887E-03
 3 58 -3.090E-03  6.644E-04
 3 59  4.168E-03 -5.923E-04
 3 60  4.188E-03 -5.963E-04
 4  4 -5.353E-01  1.000E+00
 4  5  4.723E-01 -4.836E-01
 4  6 -5.055E-02  4.368E-02
 4  7 -2.304E-01  1.631E-01
 4  8  8.695E-02 -8.265E-02
 4  9 -2.072E-01  1.889E-01
 4 10 -1.610E-01  1.358E-01
 4 11 -2.128E-01  1.543E-01
 4 12 -8.720E-02  4.779E-02
 4 16 -4.802E-02  2.724E-02
 4 17  3.078E-02 -2.492E-02
 4 18 -7.849E-03  2.250E-03
 4 19 -2.304E-01  1.631E-01
 4 20  8.695E-02 -8.265E-02
 4 21  2.072E-01 -1.889E-01
 4 22 -1.610E-01  1.358E-01
 4 23 -2.128E-01  1.543E-01
 4 24 -8.720E-02  4.779E-02
 4 28  7.578E-08  3.444E-10
 4 31 -1.377E-03  2.733E-04
 4 32  4.382E-04 -9.692E-05
 4 33  3.090E-03 -6.644E-04
 4 34 -8.337E-04  1.084E-04
 4 35 -1.855E-03  2.624E-04
 4 36 -6.341E-04  8.145E-05
 4 40  7.578E-08  3.444E-10
 4 52 -4.802E-02  2.724E-02
 4 53  3.078E-02 -2.492E-02
 4 54 -7.849E-03  2.250E-03
 4 55 -1.377E-03  2.733E-04
 4 56  4.382E-04 -9.692E-05
 4 57 -3.090E-03  6.644E-04
 4 58 -8.337E-04  1.084E-04
 4 59 -1.855E-03  2.624E-04
 4 60 -6.341E-04  8.145E-05
 5  1 -7.775E-01  5.654E-01
 5  2 -9.799E-02  9.252E-02
 5  4  4.723E-01 -4.836E-01
 5  5 -6.970E-01  1.000E+00
 5  6 -3.921E-01  2.677E-01
 5  7 -2.425E-01  1.323E-01
 5  8  6.556E-02 -3.208E-02
 5  9 -1.965E-01  1.161E-01
 5 10  2.128E-01 -1.543E-01
 5 11 -5.699E-02  2.105E-02
 5 12 -1.259E-01  7.411E-02
 5 13 -7.195E-02  3.556E-02
 5 14 -1.095E-02  4.769E-03
 5 15  9.941E-02 -5.913E-02
 5 16  3.078E-02 -2.492E-02
 5 17 -8.714E-02  6.694E-02
 5 18 -3.880E-02  1.908E-02
 5 19 -2.425E-01  1.323E-01
 5 20  6.556E-02 -3.208E-02
 5 21  1.965E-01 -1.161E-01
 5 22  2.128E-01 -1.543E-01
 5 23 -5.699E-02  2.105E-02
 5 24 -1.259E-01  7.411E-02
 5 29  5.013E-07 -8.277E-10
 5 31 -1.984E-03  2.632E-04
 5 32  4.451E-04 -5.456E-05
 5 33  4.168E-03 -5.923E-04
 5 34  1.855E-03 -2.624E-04
 5 35 -2.180E-04  5.870E-06
 5 36 -1.240E-03  1.224E-04
 5 41  5.013E-07 -8.277E-10
 5 49 -7.195E-02  3.556E-02
 5 50 -1.095E-02  4.769E-03
 5 51 -9.941E-02  5.913E-02
 5 52  3.078E-02 -2.492E-02
 5 53 -8.714E-02  6.694E-02
 5 54 -3.880E-02  1.908E-02
 5 55 -1.984E-03  2.632E-04
 5 56  4.451E-04 -5.456E-05
 5 57 -4.168E-03  5.923E-04
 5 58  1.855E-03 -2.624E-04
 5 59 -2.180E-04  5.870E-06
 5 60 -1.240E-03  1.224E-04
 6  1 -7.787E-01  5.662E-01
 6  2  4.801E-01 -4.907E-01
 6  4 -5.055E-02  4.368E-02
 6  5 -3.921E-01  2.677E-01
 6  6 -6.979E-01  1.000E+00
 6  7 -2.434E-01  1.329E-01
 6  8  2.054E-01 -1.506E-01
 6  9 -1.971E-01  1.166E-01
 6 10  8.720E-02 -4.779E-02
 6 11 -1.259E-01  7.411E-02
 6 12 -5.751E-02  2.128E-02
 6 13 -7.207E-02  3.560E-02
 6 14  3.173E-02 -2.528E-02
 6 15  9.958E-02 -5.921E-02
 6 16 -7.849E-03  2.250E-03
 6 17 -3.880E-02  1.908E-02
 6 18 -8.721E-02  6.694E-02
 6 19 -2.434E-01  1.329E-01
 6 20  2.054E-01 -1.506E-01
 6 21  1.971E-01 -1.166E-01
 6 22  8.720E-02 -4.779E-02
 6 23 -1.259E-01  7.411E-02
 6 24 -5.751E-02  2.128E-02
 6 30  4.999E-07 -8.277E-10
 6 31 -1.993E-03  2.649E-04
 6 32  1.805E-03 -2.567E-04
 6 33  4.188E-03 -5.963E-04
 6 34  6.341E-04 -8.145E-05
 6 35 -1.240E-03  1.224E-04
 6 36 -2.227E-04  6.081E-06
 6 42  4.999E-07 -8.277E-10
 6 49 -7.207E-02  3.560E-02
 6 50  3.173E-02 -2.528E-02
 6 51 -9.958E-02  5.921E-02
 6 52 -7.849E-03  2.250E-03
 6 53 -3.880E-02  1.908E-02
 6 54 -8.721E-02  6.694E-02
 6 55 -1.993E-03  2.649E-04
 6 56  1.805E-03 -2.567E-04
 6 57 -4.188E-03  5.963E-04
 6 58  6.341E-04 -8.145E-05
 6 59 -1.240E-03  1.224E-04
 6 60 -2.227E-04  6.081E-06
 7  1 -5.671E-01  3.373E-01
 7  2 -2.075E-01  1.469E-01
 7  3  4.743E-01 -3.356E-01
 7  4 -2.304E-01  1.631E-01
 7  5 -2.425E-01  1.323E-01
 7  6 -2.434E-01  1.329E-01
 7  7 -1.153E+00  1.000E+00
 7  9 -2.168E-12 -4.640E-13
 7 11 -7.775E-01  5.654E-01
 7 12 -7.787E-01  5.662E-01
 7 13 -3.998E-03  7.288E-04
 7 14 -1.240E-03  2.462E-04
 7 15  8.622E-03 -1.688E-03
 7 16 -1.377E-03  2.733E-04
 7 17 -1.984E-03  2.632E-04
 7 18 -1.993E-03  2.649E-04
 7 19 -1.166E-01  5.220E-02
 7 21  1.750E-01 -9.231E-02
 7 23 -7.195E-02  3.556E-02
 7 24 -7.207E-02  3.560E-02
 7 31  5.348E-06  2.002E-10
 7 33 -1.453E-05 -6.624E-10
 7 37 -3.998E-03  7.288E-04
 7 38 -1.240E-03  2.462E-04
 7 39 -8.622E-03  1.688E-03
 7 40 -1.377E-03  2.733E-04
 7 41 -1.984E-03  2.632E-04
 7 42 -1.993E-03  2.649E-04
 7 43  5.348E-06  2.002E-10
 7 45  1.453E-05  6.624E-10
 7 49 -5.671E-01  3.373E-01
 7 50 -2.075E-01  1.469E-01
 7 51 -4.743E-01  3.356E-01
 7 52 -2.304E-01  1.631E-01
 7 53 -2.425E-01  1.323E-01
 7 54 -2.434E-01  1.329E-01
 7 55 -1.166E-01  5.220E-02
 7 57 -1.750E-01  9.231E-02
 7 59 -7.195E-02  3.556E-02
 7 60 -7.207E-02  3.560E-02
 8  1  2.075E-01 -1.469E-01
 8  2 -1.794E-01  1.531E-01
 8  3 -1.865E-01  1.701E-01
 8  4  8.695E-02 -8.265E-02
 8  5  6.556E-02 -3.208E-02
 8  6  2.054E-01 -1.506E-01
 8  8 -5.327E-01  1.000E+00
 8 11  9.799E-02 -9.252E-02
 8 12 -4.801E-01  4.907E-01
 8 13  1.240E-03 -2.462E-04
 8 14 -9.255E-04  1.287E-04
 8 15 -2.783E-03  5.985E-04
 8 16  4.382E-04 -9.692E-05
 8 17  4.451E-04 -5.456E-05
 8 18  1.805E-03 -2.567E-04
 8 20 -4.739E-02  2.724E-02
 8 23  1.095E-02 -4.769E-03
 8 24 -3.173E-02  2.528E-02
 8 32  7.552E-08  3.444E-10
 8 37  1.240E-03 -2.462E-04
 8 38 -9.255E-04  1.287E-04
 8 39  2.783E-03 -5.985E-04
 8 40  4.382E-04 -9.692E-05
 8 41  4.451E-04 -5.456E-05
 8 42  1.805E-03 -2.567E-04
 8 44  7.552E-08  3.444E-10
 8 49  2.075E-01 -1.469E-01
 8 50 -1.794E-01  1.531E-01
 8 51  1.865E-01 -1.701E-01
 8 52  8.695E-02 -8.265E-02
 8 53  6.556E-02 -3.208E-02
 8 54  2.054E-01 -1.506E-01
 8 56 -4.739E-02  2.724E-02
 8 59  1.095E-02 -4.769E-03
 8 60 -3.173E-02  2.528E-02
 9  1 -4.743E-01  3.356E-01
 9  2 -1.865E-01  1.701E-01
 9  3  1.594E-01 -1.612E-01
 9  4 -2.072E-01  1.889E-01
 9  5 -1.965E-01  1.161E-01
 9  6 -1.971E-01  1.166E-01
 9  7 -1.243E-12  4.640E-13
 9  9 -5.874E-01  1.000E+00
 9 13 -8.622E-03  1.688E-03
 9 14 -2.783E-03  5.985E-04
 9 15  1.837E-02 -3.887E-03
 9 16 -3.090E-03  6.644E-04
 9 17 -4.168E-03  5.923E-04
 9 18 -4.188E-03  5.963E-04
 9 19 -1.750E-01  9.231E-02
 9 21  2.269E-01 -1.536E-01
 9 23 -9.941E-02  5.913E-02
 9 24 -9.958E-02  5.921E-02
 9 31  1.453E-05  6.624E-10
 9 33 -3.943E-05 -1.838E-09
 9 37  8.622E-03 -1.688E-03
 9 38  2.783E-03 -5.985E-04
 9 39  1.837E-02 -3.887E-03
 9 40  3.090E-03 -6.644E-04
 9 41  4.168E-03 -5.923E-04
 9 42  4.188E-03 -5.963E-04
 9 43 -1.453E-05 -6.624E-10
 9 45 -3.943E-05 -1.838E-09
 9 49  4.743E-01 -3.356E-01
 9 50  1.865E-01 -1.701E-01
 9 51  1.594E-01 -1.612E-01
 9 52  2.072E-01 -1.889E-01
 9 53  1.965E-01 -1.161E-01
 9 54  1.971E-01 -1.166E-01
 9 55  1.750E-01 -9.231E-02
 9 57  2.269E-01 -1.536E-01
 9 59  9.941E-02 -5.913E-02
 9 60  9.958E-02 -5.921E-02
10  1  2.304E-01 -1.631E-01
10  2  8.695E-02 -8.265E-02
10  3 -2.072E-01  1.889E-01
10  4 -1.610E-01  1.358E-01
10  5  2.128E-01 -1.543E-01
10  6  8.720E-02 -4.779E-02
10 10 -5.353E-01  1.000E+00
10 11 -4.723E-01  4.836E-01
10 12  5.055E-02 -4.368E-02
10 13  1.377E-03 -2.733E-04
10 14  4.382E-04 -9.692E-05
10 15 -3.090E-03  6.644E-04
10 16 -8.337E-04  1.084E-04
10 17  1.855E-03 -2.624E-04
10 18  6.341E-04 -8.145E-05
10 22 -4.802E-02  2.724E-02
10 23 -3.078E-02  2.492E-02
10 24  7.849E-03 -2.250E-03
10 34  7.578E-08  3.444E-10
10 37  1.377E-03 -2.733E-04
10 38  4.382E-04 -9.692E-05
10 39  3.090E-03 -6.644E-04
10 40 -8.337E-04  1.084E-04
10 41  1.855E-03 -2.624E-04
10 42  6.341E-04 -8.145E-05
10 46  7.578E-08  3.444E-10
10 49  2.304E-01 -1.631E-01
10 50  8.695E-02 -8.265E-02
10 51  2.072E-01 -1.889E-01
10 52 -1.610E-01  1.358E-01
10 53  2.128E-01 -1.543E-01
10 54  8.720E-02 -4.779E-02
10 58 -4.802E-02  2.724E-02
10 59 -3.078E-02  2.492E-02
10 60  7.849E-03 -2.250E-03
11  1 -2.425E-01  1.323E-01
11  2 -6.556E-02  3.208E-02
11  3  1.965E-01 -1.161E-01
11  4 -2.128E-01  1.543E-01
11  5 -5.699E-02  2.105E-02
11  6 -1.259E-01  7.411E-02
11  7 -7.775E-01  5.654E-01
11  8  9.799E-02 -9.252E-02
11 10 -4.723E-01  4.836E-01
11 11 -6.970E-01  1.000E+00
11 12 -3.921E-01  2.677E-01
11 13 -1.984E-03  2.632E-04
11 14 -4.451E-04  5.456E-05
11 15  4.168E-03 -5.923E-04
11 16 -1.855E-03  2.624E-04
11 17 -2.180E-04  5.870E-06
11 18 -1.240E-03  1.224E-04
11 19 -7.195E-02  3.556E-02
11 20  1.095E-02 -4.769E-03
11 21  9.941E-02 -5.913E-02
11 22 -3.078E-02  2.492E-02
11 23 -8.714E-02  6.694E-02
11 24 -3.880E-02  1.908E-02
11 35  5.013E-07 -8.277E-10
11 37 -1.984E-03  2.632E-04
11 38 -4.451E-04  5.456E-05
11 39 -4.168E-03  5.923E-04
11 40 -1.855E-03  2.624E-04
11 41 -2.180E-04  5.870E-06
11 42 -1.240E-03  1.224E-04
11 47  5.013E-07 -8.277E-10
11 49 -2.425E-01  1.323E-01
11 50 -6.556E-02  3.208E-02
11 51 -1.965E-01  1.161E-01
11 52 -2.128E-01  1.543E-01
11 53 -5.699E-02  2.105E-02
11 54 -1.259E-01  7.411E-02
11 55 -7.195E-02  3.556E-02
11 56  1.095E-02 -4.769E-03
11 57 -9.941E-02  5.913E-02
11 58 -3.078E-02  2.492E-02
11 59 -8.714E-02  6.694E-02
11 60 -3.880E-02  1.908E-02
12  1 -2.434E-01  1.329E-01
12  2 -2.054E-01  1.506E-01
12  3  1.971E-01 -1.166E-01
12  4 -8.720E-02  4.779E-02
12  5 -1.259E-01  7.411E-02
12  6 -5.751E-02  2.128E-02
12  7 -7.787E-01  5.662E-01
12  8 -4.801E-01  4.907E-01
12 10  5.055E-02 -4.368E-02
12 11 -3.921E-01  2.677E-01
12 12 -6.979E-01  1.000E+00
12 13 -1.993E-03  2.649E-04
12 14 -1.805E-03  2.567E-04
12 15  4.188E-03 -5.963E-04
12 16 -6.341E-04  8.145E-05
12 17 -1.240E-03  1.224E-04
12 18 -2.227E-04  6.081E-06
12 19 -7.207E-02  3.560E-02
12 20 -3.173E-02  2.528E-02
12 21  9.958E-02 -5.921E-02
12 22  7.849E-03 -2.250E-03
12 23 -3.880E-02  1.908E-02
12 24 -8.721E-02  6.694E-02
12 36  4.999E-07 -8.277E-10
12 37 -1.993E-03  2.649E-04
12 38 -1.805E-03  2.567E-04
12 39 -4.188E-03  5.963E-04
12 40 -6.341E-04  8.145E-05
12 41 -1.240E-03  1.224E-04
12 42 -2.227E-04  6.081E-06
12 48  4.999E-07 -8.277E-10
12 49 -2.434E-01  1.329E-01
12 50 -2.054E-01  1.506E-01
12 51 -1.971E-01  1.166E-01
12 52 -8.720E-02  4.779E-02
12 53 -1.259E-01  7.411E-02
12 54 -5.751E-02  2.128E-02
12 55 -7.207E-02  3.560E-02
12 56 -3.173E-02  2.528E-02
12 57 -9.958E-02  5.921E-02
12 58  7.849E-03 -2.250E-03
12 59 -3.880E-02  1.908E-02
12 60 -8.721E-02  6.694E-02
13  1 -1.166E-01  5.220E-02
13  3 -1.750E-01  9.231E-02
13  5 -7.195E-02  3.556E-02
13  6 -7.207E-02  3.560E-02
13  7 -3.998E-03  7.288E-04
13  8  1.240E-03 -2.462E-04
13  9 -8.622E-03  1.688E-03
13 10  1.377E-03 -2.733E-04
13 11 -1.984E-03  2.632E-04
13 12 -1.993E-03  2.649E-04
13 13 -1.153E+00  1.000E+00
13 15 -2.166E-12 -4.640E-13
13 17 -7.775E-01  5.654E-01
13 18 -7.787E-01  5.662E-01
13 19 -5.671E-01  3.373E-01
13 20  2.075E-01 -1.469E-01
13 21 -4.743E-01  3.356E-01
13 22  2.304E-01 -1.631E-01
13 23 -2.425E-01  1.323E-01
13 24 -2.434E-01  1.329E-01
13 25 -1.166E-01  5.220E-02
13 27  1.750E-01 -9.231E-02
13 29 -7.195E-02  3.556E-02
13 30 -7.207E-02  3.560E-02
13 31 -5.671E-01  3.373E-01
13 32  2.075E-01 -1.469E-01
13 33  4.743E-01 -3.356E-01
13 34  2.304E-01 -1.631E-01
13 35 -2.425E-01  1.323E-01
13 36 -2.434E-01  1.329E-01
13 37  5.348E-06  2.002E-10
13 39 -1.453E-05 -6.624E-10
13 43 -3.998E-03  7.288E-04
13 44  1.240E-03 -2.462E-04
13 45  8.622E-03 -1.688E-03
13 46  1.377E-03 -2.733E-04
13 47 -1.984E-03  2.632E-04
13 48 -1.993E-03  2.649E-04
13 49  5.348E-06  2.002E-10
13 51  1.453E-05  6.624E-10
14  2 -4.739E-02  2.724E-02
14  5 -1.095E-02  4.769E-03
14  6  3.173E-02 -2.528E-02
14  7 -1.240E-03  2.462E-04
14  8 -9.255E-04  1.287E-04
14  9 -2.783E-03  5.985E-04
14 10  4.382E-04 -9.692E-05
14 11 -4.451E-04  5.456E-05
14 12 -1.805E-03  2.567E-04
14 14 -5.327E-01  1.000E+00
14 17 -9.799E-02  9.252E-02
14 18  4.801E-01 -4.907E-01
14 19 -2.075E-01  1.469E-01
14 20 -1.794E-01  1.531E-01
14 21 -1.865E-01  1.701E-01
14 22  8.695E-02 -8.265E-02
14 23 -6.556E-02  3.208E-02
14 24 -2.054E-01  1.506E-01
14 26 -4.739E-02  2.724E-02
14 29 -1.095E-02  4.769E-03
14 30  3.173E-02 -2.528E-02
14 31 -2.075E-01  1.469E-01
14 32 -1.794E-01  1.531E-01
14 33  1.865E-01 -1.701E-01
14 34  8.695E-02 -8.265E-02
14 35 -6.556E-02  3.208E-02
14 36 -2.054E-01  1.506E-01
14 38  7.552E-08  3.444E-10
14 43 -1.240E-03  2.462E-04
14 44 -9.255E-04  1.287E-04
14 45  2.783E-03 -5.985E-04
14 46  4.382E-04 -9.692E-05
14 47 -4.451E-04  5.456E-05
14 48 -1.805E-03  2.567E-04
14 50  7.552E-08  3.444E-10
15  1  1.750E-01 -9.231E-02
15  3  2.269E-01 -1.536E-01
15  5  9.941E-02 -5.913E-02
15  6  9.958E-02 -5.921E-02
15  7  8.622E-03 -1.688E-03
15  8 -2.783E-03  5.985E-04
15  9  1.837E-02 -3.887E-03
15 10 -3.090E-03  6.644E-04
15 11  4.168E-03 -5.923E-04
15 12  4.188E-03 -5.963E-04
15 13 -1.241E-12  4.640E-13
15 15 -5.874E-01  1.000E+00
15 19  4.743E-01 -3.356E-01
15 20 -1.865E-01  1.701E-01
15 21  1.594E-01 -1.612E-01
15 22 -2.072E-01  1.889E-01
15 23  1.965E-01 -1.161E-01
15 24  1.971E-01 -1.166E-01
15 25 -1.750E-01  9.231E-02
15 27  2.269E-01 -1.536E-01
15 29 -9.941E-02  5.913E-02
15 30 -9.958E-02  5.921E-02
15 31 -4.743E-01  3.356E-01
15 32  1.865E-01 -1.701E-01
15 33  1.594E-01 -1.612E-01
15 34  2.072E-01 -1.889E-01
15 35 -1.965E-01  1.161E-01
15 36 -1.971E-01  1.166E-01
15 37  1.453E-05  6.624E-10
15 39 -3.943E-05 -1.838E-09
15 43 -8.622E-03  1.688E-03
15 44  2.783E-03 -5.985E-04
15 45  1.837E-02 -3.887E-03
15 46  3.090E-03 -6.644E-04
15 47 -4.168E-03  5.923E-04
15 48 -4.188E-03  5.963E-04
15 49 -1.453E-05 -6.624E-10
15 51 -3.943E-05 -1.838E-09
16  4 -4.802E-02  2.724E-02
16  5  3.078E-02 -2.492E-02
16  6 -7.849E-03  2.250E-03
16  7 -1.377E-03  2.733E-04
16  8  4.382E-04 -9.692E-05
16  9 -3.090E-03  6.644E-04
16 10 -8.337E-04  1.084E-04
16 11 -1.855E-03  2.624E-04
16 12 -6.341E-04  8.145E-05
16 16 -5.353E-01  1.000E+00
16 17  4.723E-01 -4.836E-01
16 18 -5.055E-02  4.368E-02
16 19 -2.304E-01  1.631E-01
16 20  8.695E-02 -8.265E-02
16 21 -2.072E-01  1.889E-01
16 22 -1.610E-01  1.358E-01
16 23 -2.128E-01  1.543E-01
16 24 -8.720E-02  4.779E-02
16 28 -4.802E-02  2.724E-02
16 29  3.078E-02 -2.492E-02
16 30 -7.849E-03  2.250E-03
16 31 -2.304E-01  1.631E-01
16 32  8.695E-02 -8.265E-02
16 33  2.072E-01 -1.889E-01
16 34 -1.610E-01  1.358E-01
16 35 -2.128E-01  1.543E-01
16 36 -8.720E-02  4.779E-02
16 40  7.578E-08  3.444E-10
16 43 -1.377E-03  2.733E-04
16 44  4.382E-04 -9.692E-05
16 45  3.090E-03 -6.644E-04
16 46 -8.337E-04  1.084E-04
16 47 -1.855E-03  2.624E-04
16 48 -6.341E-04  8.145E-05
16 52  7.578E-08  3.444E-10
17  1 -7.195E-02  3.556E-02
17  2 -1.095E-02  4.769E-03
17  3 -9.941E-02  5.913E-02
17  4  3.078E-02 -2.492E-02
17  5 -8.714E-02  6.694E-02
17  6 -3.880E-02  1.908E-02
17  7 -1.984E-03  2.632E-04
17  8  4.451E-04 -5.456E-05
17  9 -4.168E-03  5.923E-04
17 10  1.855E-03 -2.624E-04
17 11 -2.180E-04  5.870E-06
17 12 -1.240E-03  1.224E-04
17 13 -7.775E-01  5.654E-01
17 14 -9.799E-02  9.252E-02
17 16  4.723E-01 -4.836E-01
17 17 -6.970E-01  1.000E+00
17 18 -3.921E-01  2.677E-01
17 19 -2.425E-01  1.323E-01
17 20  6.556E-02 -3.208E-02
17 21 -1.965E-01  1.161E-01
17 22  2.128E-01 -1.543E-01
17 23 -5.699E-02  2.105E-02
17 24 -1.259E-01  7.411E-02
17 25 -7.195E-02  3.556E-02
17 26 -1.095E-02  4.769E-03
17 27  9.941E-02 -5.913E-02
17 28  3.078E-02 -2.492E-02
17 29 -8.714E-02  6.694E-02
17 30 -3.880E-02  1.908E-02
17 31 -2.425E-01  1.323E-01
17 32  6.556E-02 -3.208E-02
17 33  1.965E-01 -1.161E-01
17 34  2.128E-01 -1.543E-01
17 35 -5.699E-02  2.105E-02
17 36 -1.259E-01  7.411E-02
17 41  5.013E-07 -8.277E-10
17 43 -1.984E-03  2.632E-04
17 44  4.451E-04 -5.456E-05
17 45  4.168E-03 -5.923E-04
17 46  1.855E-03 -2.624E-04
17 47 -2.180E-04  5.870E-06
17 48 -1.240E-03  1.224E-04
17 53  5.013E-07 -8.277E-10
18  1 -7.207E-02  3.560E-02
18  2  3.173E-02 -2.528E-02
18  3 -9.958E-02  5.921E-02
18  4 -7.849E-03  2.250E-03
18  5 -3.880E-02  1.908E-02
18  6 -8.721E-02  6.694E-02
18  7 -1.993E-03  2.649E-04
18  8  1.805E-03 -2.567E-04
18  9 -4.188E-03  5.963E-04
18 10  6.341E-04 -8.145E-05
18 11 -1.240E-03  1.224E-04
18 12 -2.227E-04  6.081E-06
18 13 -7.787E-01  5.662E-01
18 14  4.801E-01 -4.907E-01
18 16 -5.055E-02  4.368E-02
18 17 -3.921E-01  2.677E-01
18 18 -6.979E-01  1.000E+00
18 19 -2.434E-01  1.329E-01
18 20  2.054E-01 -1.506E-01
18 21 -1.971E-01  1.166E-01
18 22  8.720E-02 -4.779E-02
18 23 -1.259E-01  7.411E-02
18 24 -5.751E-02  2.128E-02
18 25 -7.207E-02  3.560E-02
18 26  3.173E-02 -2.528E-02
18 27  9.958E-02 -5.921E-02
18 28 -7.849E-03  2.250E-03
18 29 -3.880E-02  1.908E-02
18 30 -8.721E-02  6.694E-02
18 31 -2.434E-01  1.329E-01
18 32  2.054E-01 -1.506E-01
18 33  1.971E-01 -1.166E-01
18 34  8.720E-02 -4.779E-02
18 35 -1.259E-01  7.411E-02
18 36 -5.751E-02  2.128E-02
18 42  4.999E-07 -8.277E-10
18 43 -1.993E-03  2.649E-04
18 44  1.805E-03 -2.567E-04
18 45  4.188E-03 -5.963E-04
18 46  6.341E-04 -8.145E-05
18 47 -1.240E-03  1.224E-04
18 48 -2.227E-04  6.081E-06
18 54  4.999E-07 -8.277E-10
19  1 -5.671E-01  3.373E-01
19  2 -2.075E-01  1.469E-01
19  3 -4.743E-01  3.356E-01
19  4 -2.304E-01  1.631E-01
19  5 -2.425E-01  1.323E-01
19  6 -2.434E-01  1.329E-01
19  7 -1.166E-01  5.220E-02
19  9 -1.750E-01  9.231E-02
19 11 -7.195E-02  3.556E-02
19 12 -7.207E-02  3.560E-02
19 13 -5.671E-01  3.373E-01
19 14 -2.075E-01  1.469E-01
19 15  4.743E-01 -3.356E-01
19 16 -2.304E-01  1.631E-01
19 17 -2.425E-01  1.323E-01
19 18 -2.434E-01  1.329E-01
19 19 -1.153E+00  1.000E+00
19 21 -2.168E-12 -4.640E-13
19 23 -7.775E-01  5.654E-01
19 24 -7.787E-01  5.662E-01
19 25 -3.998E-03  7.288E-04
19 26 -1.240E-03  2.462E-04
19 27  8.622E-03 -1.688E-03
19 28 -1.377E-03  2.733E-04
19 29 -1.984E-03  2.632E-04
19 30 -1.993E-03  2.649E-04
19 31 -1.166E-01  5.220E-02
19 33  1.750E-01 -9.231E-02
19 35 -7.195E-02  3.556E-02
19 36 -7.207E-02  3.560E-02
19 43  5.348E-06  2.002E-10
19 45 -1.453E-05 -6.624E-10
19 49 -3.998E-03  7.288E-04
19 50 -1.240E-03  2.462E-04
19 51 -8.622E-03  1.688E-03
19 52 -1.377E-03  2.733E-04
19 53 -1.984E-03  2.632E-04
19 54 -1.993E-03  2.649E-04
19 55  5.348E-06  2.002E-10
19 57  1.453E-05  6.624E-10
20  1  2.075E-01 -1.469E-01
20  2 -1.794E-01  1.531E-01
20  3  1.865E-01 -1.701E-01
20  4  8.695E-02 -8.265E-02
20  5  6.556E-02 -3.208E-02
20  6  2.054E-01 -1.506E-01
20  8 -4.739E-02  2.724E-02
20 11  1.095E-02 -4.769E-03
20 12 -3.173E-02  2.528E-02
20 13  2.075E-01 -1.469E-01
20 14 -1.794E-01  1.531E-01
20 15 -1.865E-01  1.701E-01
20 16  8.695E-02 -8.265E-02
20 17  6.556E-02 -3.208E-02
20 18  2.054E-01 -1.506E-01
20 20 -5.327E-01  1.000E+00
20 23  9.799E-02 -9.252E-02
20 24 -4.801E-01  4.907E-01
20 25  1.240E-03 -2.462E-04
20 26 -9.255E-04  1.287E-04
20 27 -2.783E-03  5.985E-04
20 28  4.382E-04 -9.692E-05
20 29  4.451E-04 -5.456E-05
20 30  1.805E-03 -2.567E-04
20 32 -4.739E-02  2.724E-02
20 35  1.095E-02 -4.769E-03
20 36 -3.173E-02  2.528E-02
20 44  7.552E-08  3.444E-10
20 49  1.240E-03 -2.462E-04
20 50 -9.255E-04  1.287E-04
20 51  2.783E-03 -5.985E-04
20 52  4.382E-04 -9.692E-05
20 53  4.451E-04 -5.456E-05
20 54  1.805E-03 -2.567E-04
20 56  7.552E-08  3.444E-10
21  1  4.743E-01 -3.356E-01
21  2  1.865E-01 -1.701E-01
21  3  1.594E-01 -1.612E-01
21  4  2.072E-01 -1.889E-01
21  5  1.965E-01 -1.161E-01
21  6  1.971E-01 -1.166E-01
21  7  1.750E-01 -9.231E-02
21  9  2.269E-01 -1.536E-01
21 11  9.941E-02 -5.913E-02
21 12  9.958E-02 -5.921E-02
21 13 -4.743E-01  3.356E-01
21 14 -1.865E-01  1.701E-01
21 15  1.594E-01 -1.612E-01
21 16 -2.072E-01  1.889E-01
21 17 -1.965E-01  1.161E-01
21 18 -1.971E-01  1.166E-01
21 19 -1.243E-12  4.640E-13
21 21 -5.874E-01  1.000E+00
21 25 -8.622E-03  1.688E-03
21 26 -2.783E-03  5.985E-04
21 27  1.837E-02 -3.887E-03
21 28 -3.090E-03  6.644E-04
21 29 -4.168E-03  5.923E-04
21 30 -4.188E-03  5.963E-04
21 31 -1.750E-01  9.231E-02
21 33  2.269E-01 -1.536E-01
21 35 -9.941E-02  5.913E-02
21 36 -9.958E-02  5.921E-02
21 43  1.453E-05  6.624E-10
21 45 -3.943E-05 -1.838E-09
21 49  8.622E-03 -1.688E-03
21 50  2.783E-03 -5.985E-04
21 51  1.837E-02 -3.887E-03
21 52  3.090E-03 -6.644E-04
21 53  4.168E-03 -5.923E-04
21 54  4.188E-03 -5.963E-04
21 55 -1.453E-05 -6.624E-10
21 57 -3.943E-05 -1.838E-09
22  1  2.304E-01 -1.631E-01
22  2  8.695E-02 -8.265E-02
22  3  2.072E-01 -1.889E-01
22  4 -1.610E-01  1.358E-01
22  5  2.128E-01 -1.543E-01
22  6  8.720E-02 -4.779E-02
22 10 -4.802E-02  2.724E-02
22 11 -3.078E-02  2.492E-02
22 12  7.849E-03 -2.250E-03
22 13  2.304E-01 -1.631E-01
22 14  8.695E-02 -8.265E-02
22 15 -2.072E-01  1.889E-01
22 16 -1.610E-01  1.358E-01
22 17  2.128E-01 -1.543E-01
22 18  8.720E-02 -4.779E-02
22 22 -5.353E-01  1.000E+00
22 23 -4.723E-01  4.836E-01
22 24  5.055E-02 -4.368E-02
22 25  1.377E-03 -2.733E-04
22 26  4.382E-04 -9.692E-05
22 27 -3.090E-03  6.644E-04
22 28 -8.337E-04  1.084E-04
22 29  1.855E-03 -2.624E-04
22 30  6.341E-04 -8.145E-05
22 34 -4.802E-02  2.724E-02
22 35 -3.078E-02  2.492E-02
22 36  7.849E-03 -2.250E-03
22 46  7.578E-08  3.444E-10
22 49  1.377E-03 -2.733E-04
22 50  4.382E-04 -9.692E-05
22 51  3.090E-03 -6.644E-04
22 52 -8.337E-04  1.084E-04
22 53  1.855E-03 -2.624E-04
22 54  6.341E-04 -8.145E-05
22 58  7.578E-08  3.444E-10
23  1 -2.425E-01  1.323E-01
23  2 -6.556E-02  3.208E-02
23  3 -1.965E-01  1.161E-01
23  4 -2.128E-01  1.543E-01
23  5 -5.699E-02  2.105E-02
23  6 -1.259E-01  7.411E-02
23  7 -7.195E-02  3.556E-02
23  8  1.095E-02 -4.769E-03
23  9 -9.941E-02  5.913E-02
23 10 -3.078E-02  2.492E-02
23 11 -8.714E-02  6.694E-02
23 12 -3.880E-02  1.908E-02
23 13 -2.425E-01  1.323E-01
23 14 -6.556E-02  3.208E-02
23 15  1.965E-01 -1.161E-01
23 16 -2.128E-01  1.543E-01
23 17 -5.699E-02  2.105E-02
23 18 -1.259E-01  7.411E-02
23 19 -7.775E-01  5.654E-01
23 20  9.799E-02 -9.252E-02
23 22 -4.723E-01  4.836E-01
23 23 -6.970E-01  1.000E+00
23 24 -3.921E-01  2.677E-01
23 25 -1.984E-03  2.632E-04
23 26 -4.451E-04  5.456E-05
23 27  4.168E-03 -5.923E-04
23 28 -1.855E-03  2.624E-04
23 29 -2.180E-04  5.870E-06
23 30 -1.240E-03  1.224E-04
23 31 -7.195E-02  3.556E-02
23 32  1.095E-02 -4.769E-03
23 33  9.941E-02 -5.913E-02
23 34 -3.078E-02  2.492E-02
23 35 -8.714E-02  6.694E-02
23 36 -3.880E-02  1.908E-02
23 47  5.013E-07 -8.277E-10
23 49 -1.984E-03  2.632E-04
23 50 -4.451E-04  5.456E-05
23 51 -4.168E-03  5.923E-04
23 52 -1.855E-03  2.624E-04
23 53 -2.180E-04  5.870E-06
23 54 -1.240E-03  1.224E-04
23 59  5.013E-07 -8.277E-10
24  1 -2.434E-01  1.329E-01
24  2 -2.054E-01  1.506E-01
24  3 -1.971E-01  1.166E-01
24  4 -8.720E-02  4.779E-02
24  5 -1.259E-01  7.411E-02
24  6 -5.751E-02  2.128E-02
24  7 -7.207E-02  3.560E-02
24  8 -3.173E-02  2.528E-02
24  9 -9.958E-02  5.921E-02
24 10  7.849E-03 -2.250E-03
24 11 -3.880E-02  1.908E-02
24 12 -8.721E-02  6.694E-02
24 13 -2.434E-01  1.329E-01
24 14 -2.054E-01  1.506E-01
24 15  1.971E-01 -1.166E-01
24 16 -8.720E-02  4.779E-02
24 17 -1.259E-01  7.411E-02
24 18 -5.751E-02  2.128E-02
24 19 -7.787E-01  5.662E-01
24 20 -4.801E-01  4.907E-01
24 22  5.055E-02 -4.368E-02
24 23 -3.921E-01  2.677E-01
24 24 -6.979E-01  1.000E+00
24 25 -1.993E-03  2.649E-04
24 26 -1.805E-03  2.567E-04
24 27  4.188E-03 -5.963E-04
24 28 -6.341E-04  8.145E-05
24 29 -1.240E-03  1.224E-04
24 30 -2.227E-04  6.081E-06
24 31 -7.207E-02  3.560E-02
24 32 -3.173E-02  2.528E-02
24 33  9.958E-02 -5.921E-02
24 34  7.849E-03 -2.250E-03
24 35 -3.880E-02  1.908E-02
24 36 -8.721E-02  6.694E-02
24 48  4.999E-07 -8.277E-10
24 49 -1.993E-03  2.649E-04
24 50 -1.805E-03  2.567E-04
24 51 -4.188E-03  5.963E-04
24 52 -6.341E-04  8.145E-05
24 53 -1.240E-03  1.224E-04
24 54 -2.227E-04  6.081E-06
24 60  4.999E-07 -8.277E-10
25  1  5.348E-06  2.002E-10
25  3  1.453E-05  6.624E-10
25 13 -1.166E-01  5.220E-02
25 15 -1.750E-01  9.231E-02
25 17 -7.195E-02  3.556E-02
25 18 -7.207E-02  3.560E-02
25 19 -3.998E-03  7.288E-04
25 20  1.240E-03 -2.462E-04
25 21 -8.622E-03  1.688E-03
25 22  1.377E-03 -2.733E-04
25 23 -1.984E-03  2.632E-04
25 24 -1.993E-03  2.649E-04
25 25 -1.153E+00  1.000E+00
25 27 -2.166E-12 -4.640E-13
25 29 -7.775E-01  5.654E-01
25 30 -7.787E-01  5.662E-01
25 31 -5.671E-01  3.373E-01
25 32  2.075E-01 -1.469E-01
25 33 -4.743E-01  3.356E-01
25 34  2.304E-01 -1.631E-01
25 35 -2.425E-01  1.323E-01
25 36 -2.434E-01  1.329E-01
25 37 -1.166E-01  5.220E-02
25 39  1.750E-01 -9.231E-02
25 41 -7.195E-02  3.556E-02
25 42 -7.207E-02  3.560E-02
25 43 -5.671E-01  3.373E-01
25 44  2.075E-01 -1.469E-01
25 45  4.743E-01 -3.356E-01
25 46  2.304E-01 -1.631E-01
25 47 -2.425E-01  1.323E-01
25 48 -2.434E-01  1.329E-01
25 49  5.348E-06  2.002E-10
25 51 -1.453E-05 -6.624E-10
25 55 -3.998E-03  7.288E-04
25 56  1.240E-03 -2.462E-04
25 57  8.622E-03 -1.688E-03
25 58  1.377E-03 -2.733E-04
25 59 -1.984E-03  2.632E-04
25 60 -1.993E-03  2.649E-04
26  2  7.552E-08  3.444E-10
26 14 -4.739E-02  2.724E-02
26 17 -1.095E-02  4.769E-03
26 18  3.173E-02 -2.528E-02
26 19 -1.240E-03  2.462E-04
26 20 -9.255E-04  1.287E-04
26 21 -2.783E-03  5.985E-04
26 22  4.382E-04 -9.692E-05
26 23 -4.451E-04  5.456E-05
26 24 -1.805E-03  2.567E-04
26 26 -5.327E-01  1.000E+00
26 29 -9.799E-02  9.252E-02
26 30  4.801E-01 -4.907E-01
26 31 -2.075E-01  1.469E-01
26 32 -1.794E-01  1.531E-01
26 33 -1.865E-01  1.701E-01
26 34  8.695E-02 -8.265E-02
26 35 -6.556E-02  3.208E-02
26 36 -2.054E-01  1.506E-01
26 38 -4.739E-02  2.724E-02
26 41 -1.095E-02  4.769E-03
26 42  3.173E-02 -2.528E-02
26 43 -2.075E-01  1.469E-01
26 44 -1.794E-01  1.531E-01
26 45  1.865E-01 -1.701E-01
26 46  8.695E-02 -8.265E-02
26 47 -6.556E-02  3.208E-02
26 48 -2.054E-01  1.506E-01
26 50  7.552E-08  3.444E-10
26 55 -1.240E-03  2.462E-04
26 56 -9.255E-04  1.287E-04
26 57  2.783E-03 -5.985E-04
26 58  4.382E-04 -9.692E-05
26 59 -4.451E-04  5.456E-05
26 60 -1.805E-03  2.567E-04
27  1 -1.453E-05 -6.624E-10
27  3 -3.943E-05 -1.838E-09
27 13  1.750E-01 -9.231E-02
27 15  2.269E-01 -1.536E-01
27 17  9.941E-02 -5.913E-02
27 18  9.958E-02 -5.921E-02
27 19  8.622E-03 -1.688E-03
27 20 -2.783E-03  5.985E-04
27 21  1.837E-02 -3.887E-03
27 22 -3.090E-03  6.644E-04
27 23  4.168E-03 -5.923E-04
27 24  4.188E-03 -5.963E-04
27 25 -1.241E-12  4.640E-13
27 27 -5.874E-01  1.000E+00
27 31  4.743E-01 -3.356E-01
27 32 -1.865E-01  1.701E-01
27 33  1.594E-01 -1.612E-01
27 34 -2.072E-01  1.889E-01
27 35  1.965E-01 -1.161E-01
27 36  1.971E-01 -1.166E-01
27 37 -1.750E-01  9.231E-02
27 39  2.269E-01 -1.536E-01
27 41 -9.941E-02  5.913E-02
27 42 -9.958E-02  5.921E-02
27 43 -4.743E-01  3.356E-01
27 44  1.865E-01 -1.701E-01
27 45  1.594E-01 -1.612E-01
27 46  2.072E-01 -1.889E-01
27 47 -1.965E-01  1.161E-01
27 48 -1.971E-01  1.166E-01
27 49  1.453E-05  6.624E-10
27 51 -3.943E-05 -1.838E-09
27 55 -8.622E-03  1.688E-03
27 56  2.783E-03 -5.985E-04
27 57  1.837E-02 -3.887E-03
27 58  3.090E-03 -6.644E-04
27 59 -4.168E-03  5.923E-04
27 60 -4.188E-03  5.963E-04
28  4  7.578E-08  3.444E-10
28 16 -4.802E-02  2.724E-02
28 17  3.078E-02 -2.492E-02
28 18 -7.849E-03  2.250E-03
28 19 -1.377E-03  2.733E-04
28 20  4.382E-04 -9.692E-05
28 21 -3.090E-03  6.644E-04
28 22 -8.337E-04  1.084E-04
28 23 -1.855E-03  2.624E-04
28 24 -6.341E-04  8.145E-05
28 28 -5.353E-01  1.000E+00
28 29  4.723E-01 -4.836E-01
28 30 -5.055E-02  4.368E-02
28 31 -2.304E-01  1.631E-01
28 32  8.695E-02 -8.265E-02
28 33 -2.072E-01  1.889E-01
28 34 -1.610E-01  1.358E-01
28 35 -2.128E-01  1.543E-01
28 36 -8.720E-02  4.779E-02
28 40 -4.802E-02  2.724E-02
28 41  3.078E-02 -2.492E-02
28 42 -7.849E-03  2.250E-03
28 43 -2.304E-01  1.631E-01
28 44  8.695E-02 -8.265E-02
28 45  2.072E-01 -1.889E-01
28 46 -1.610E-01  1.358E-01
28 47 -2.128E-01  1.543E-01
28 48 -8.720E-02  4.779E-02
28 52  7.578E-08  3.444E-10
28 55 -1.377E-03  2.733E-04
28 56  4.382E-04 -9.692E-05
28 57  3.090E-03 -6.644E-04
28 58 -8.337E-04  1.084E-04
28 59 -1.855E-03  2.624E-04
28 60 -6.341E-04  8.145E-05
29  5  5.013E-07 -8.277E-10
29 13 -7.195E-02  3.556E-02
29 14 -1.095E-02  4.769E-03
29 15 -9.941E-02  5.913E-02
29 16  3.078E-02 -2.492E-02
29 17 -8.714E-02  6.694E-02
29 18 -3.880E-02  1.908E-02
29 19 -1.984E-03  2.632E-04
29 20  4.451E-04 -5.456E-05
29 21 -4.168E-03  5.923E-04
29 22  1.855E-03 -2.624E-04
29 23 -2.180E-04  5.870E-06
29 24 -1.240E-03  1.224E-04
29 25 -7.775E-01  5.654E-01
29 26 -9.799E-02  9.252E-02
29 28  4.723E-01 -4.836E-01
29 29 -6.970E-01  1.000E+00
29 30 -3.921E-01  2.677E-01
29 31 -2.425E-01  1.323E-01
29 32  6.556E-02 -3.208E-02
29 33 -1.965E-01  1.161E-01
29 34  2.128E-01 -1.543E-01
29 35 -5.699E-02  2.105E-02
29 36 -1.259E-01  7.411E-02
29 37 -7.195E-02  3.556E-02
29 38 -1.095E-02  4.769E-03
29 39  9.941E-02 -5.913E-02
29 40  3.078E-02 -2.492E-02
29 41 -8.714E-02  6.694E-02
29 42 -3.880E-02  1.908E-02
29 43 -2.425E-01  1.323E-01
29 44  6.556E-02 -3.208E-02
29 45  1.965E-01 -1.161E-01
29 46  2.128E-01 -1.543E-01
29 47 -5.699E-02  2.105E-02
29 48 -1.259E-01  7.411E-02
29 53  5.013E-07 -8.277E-10
29 55 -1.984E-03  2.632E-04
29 56  4.451E-04 -5.456E-05
29 57  4.168E-03 -5.923E-04
29 58  1.855E-03 -2.624E-04
29 59 -2.180E-04  5.870E-06
29 60 -1.240E-03  1.224E-04
30  6  4.999E-07 -8.277E-10
30 13 -7.207E-02  3.560E-02
30 14  3.173E-02 -2.528E-02
30 15 -9.958E-02  5.921E-02
30 16 -7.849E-03  2.250E-03
30 17 -3.880E-02  1.908E-02
30 18 -8.721E-02  6.694E-02
30 19 -1.993E-03  2.649E-04
30 20  1.805E-03 -2.567E-04
30 21 -4.188E-03  5.963E-04
30 22  6.341E-04 -8.145E-05
30 23 -1.240E-03  1.224E-04
30 24 -2.227E-04  6.081E-06
30 25 -7.787E-01  5.662E-01
30 26  4.801E-01 -4.907E-01
30 28 -5.055E-02  4.368E-02
30 29 -3.921E-01  2.677E-01
30 30 -6.979E-01  1.000E+00
30 31 -2.434E-01  1.329E-01
30 32  2.054E-01 -1.506E-01
30 33 -1.971E-01  1.166E-01
30 34  8.720E-02 -4.779E-02
30 35 -1.259E-01  7.411E-02
30 36 -5.751E-02  2.128E-02
30 37 -7.207E-02  3.560E-02
30 38  3.173E-02 -2.528E-02
30 39  9.958E-02 -5.921E-02
30 40 -7.849E-03  2.250E-03
30 41 -3.880E-02  1.908E-02
30 42 -8.721E-02  6.694E-02
30 43 -2.434E-01  1.329E-01
30 44  2.054E-01 -1.506E-01
30 45  1.971E-01 -1.166E-01
30 46  8.720E-02 -4.779E-02
30 47 -1.259E-01  7.411E-02
30 48 -5.751E-02  2.128E-02
30 54  4.999E-07 -8.277E-10
30 55 -1.993E-03  2.649E-04
30 56  1.805E-03 -2.567E-04
30 57  4.188E-03 -5.963E-04
30 58  6.341E-04 -8.145E-05
30 59 -1.240E-03  1.224E-04
30 60 -2.227E-04  6.081E-06
31  1 -3.998E-03  7.288E-04
31  2 -1.240E-03  2.462E-04
31  3 -8.622E-03  1.688E-03
31  4 -1.377E-03  2.733E-04
31  5 -1.984E-03  2.632E-04
31  6 -1.993E-03  2.649E-04
31  7  5.348E-06  2.002E-10
31  9  1.453E-05  6.624E-10
31 13 -5.671E-01  3.373E-01
31 14 -2.075E-01  1.469E-01
31 15 -4.743E-01  3.356E-01
31 16 -2.304E-01  1.631E-01
31 17 -2.425E-01  1.323E-01
31 18 -2.434E-01  1.329E-01
31 19 -1.166E-01  5.220E-02
31 21 -1.750E-01  9.231E-02
31 23 -7.195E-02  3.556E-02
31 24 -7.207E-02  3.560E-02
31 25 -5.671E-01  3.373E-01
31 26 -2.075E-01  1.469E-01
31 27  4.743E-01 -3.356E-01
31 28 -2.304E-01  1.631E-01
31 29 -2.425E-01  1.323E-01
31 30 -2.434E-01  1.329E-01
31 31 -1.153E+00  1.000E+00
31 33 -2.168E-12 -4.640E-13
31 35 -7.775E-01  5.654E-01
31 36 -7.787E-01  5.662E-01
31 37 -3.998E-03  7.288E-04
31 38 -1.240E-03  2.462E-04
31 39  8.622E-03 -1.688E-03
31 40 -1.377E-03  2.733E-04
31 41 -1.984E-03  2.632E-04
31 42 -1.993E-03  2.649E-04
31 43 -1.166E-01  5.220E-02
31 45  1.750E-01 -9.231E-02
31 47 -7.195E-02  3.556E-02
31 48 -7.207E-02  3.560E-02
31 55  5.348E-06  2.002E-10
31 57 -1.453E-05 -6.624E-10
32  1  1.240E-03 -2.462E-04
32  2 -9.255E-04  1.287E-04
32  3  2.783E-03 -5.985E-04
32  4  4.382E-04 -9.692E-05
32  5  4.451E-04 -5.456E-05
32  6  1.805E-03 -2.567E-04
32  8  7.552E-08  3.444E-10
32 13  2.075E-01 -1.469E-01
32 14 -1.794E-01  1.531E-01
32 15  1.865E-01 -1.701E-01
32 16  8.695E-02 -8.265E-02
32 17  6.556E-02 -3.208E-02
32 18  2.054E-01 -1.506E-01
32 20 -4.739E-02  2.724E-02
32 23  1.095E-02 -4.769E-03
32 24 -3.173E-02  2.528E-02
32 25  2.075E-01 -1.469E-01
32 26 -1.794E-01  1.531E-01
32 27 -1.865E-01  1.701E-01
32 28  8.695E-02 -8.265E-02
32 29  6.556E-02 -3.208E-02
32 30  2.054E-01 -1.506E-01
32 32 -5.327E-01  1.000E+00
32 35  9.799E-02 -9.252E-02
32 36 -4.801E-01  4.907E-01
32 37  1.240E-03 -2.462E-04
32 38 -9.255E-04  1.287E-04
32 39 -2.783E-03  5.985E-04
32 40  4.382E-04 -9.692E-05
32 41  4.451E-04 -5.456E-05
32 42  1.805E-03 -2.567E-04
32 44 -4.739E-02  2.724E-02
32 47  1.095E-02 -4.769E-03
32 48 -3.173E-02  2.528E-02
32 56  7.552E-08  3.444E-10
33  1  8.622E-03 -1.688E-03
33  2  2.783E-03 -5.985E-04
33  3  1.837E-02 -3.887E-03
33  4  3.090E-03 -6.644E-04
33  5  4.168E-03 -5.923E-04
33  6  4.188E-03 -5.963E-04
33  7 -1.453E-05 -6.624E-10
33  9 -3.943E-05 -1.838E-09
33 13  4.743E-01 -3.356E-01
33 14  1.865E-01 -1.701E-01
33 15  1.594E-01 -1.612E-01
33 16  2.072E-01 -1.889E-01
33 17  1.965E-01 -1.161E-01
33 18  1.971E-01 -1.166E-01
33 19  1.750E-01 -9.231E-02
33 21  2.269E-01 -1.536E-01
33 23  9.941E-02 -5.913E-02
33 24  9.958E-02 -5.921E-02
33 25 -4.743E-01  3.356E-01
33 26 -1.865E-01  1.701E-01
33 27  1.594E-01 -1.612E-01
33 28 -2.072E-01  1.889E-01
33 29 -1.965E-01  1.161E-01
33 30 -1.971E-01  1.166E-01
33 31 -1.243E-12  4.640E-13
33 33 -5.874E-01  1.000E+00
33 37 -8.622E-03  1.688E-03
33 38 -2.783E-03  5.985E-04
33 39  1.837E-02 -3.887E-03
33 40 -3.090E-03  6.644E-04
33 41 -4.168E-03  5.923E-04
33 42 -4.188E-03  5.963E-04
33 43 -1.750E-01  9.231E-02
33 45  2.269E-01 -1.536E-01
33 47 -9.941E-02  5.913E-02
33 48 -9.958E-02  5.921E-02
33 55  1.453E-05  6.624E-10
33 57 -3.943E-05 -1.838E-09
34  1  1.377E-03 -2.733E-04
34  2  4.382E-04 -9.692E-05
34  3  3.090E-03 -6.644E-04
34  4 -8.337E-04  1.084E-04
34  5  1.855E-03 -2.624E-04
34  6  6.341E-04 -8.145E-05
34 10  7.578E-08  3.444E-10
34 13  2.304E-01 -1.631E-01
34 14  8.695E-02 -8.265E-02
34 15  2.072E-01 -1.889E-01
34 16 -1.610E-01  1.358E-01
34 17  2.128E-01 -1.543E-01
34 18  8.720E-02 -4.779E-02
34 22 -4.802E-02  2.724E-02
34 23 -3.078E-02  2.492E-02
34 24  7.849E-03 -2.250E-03
34 25  2.304E-01 -1.631E-01
34 26  8.695E-02 -8.265E-02
34 27 -2.072E-01  1.889E-01
34 28 -1.610E-01  1.358E-01
34 29  2.128E-01 -1.543E-01
34 30  8.720E-02 -4.779E-02
34 34 -5.353E-01  1.000E+00
34 35 -4.723E-01  4.836E-01
34 36  5.055E-02 -4.368E-02
34 37  1.377E-03 -2.733E-04
34 38  4.382E-04 -9.692E-05
34 39 -3.090E-03  6.644E-04
34 40 -8.337E-04  1.084E-04
34 41  1.855E-03 -2.624E-04
34 42  6.341E-04 -8.145E-05
34 46 -4.802E-02  2.724E-02
34 47 -3.078E-02  2.492E-02
34 48  7.849E-03 -2.250E-03
34 58  7.578E-08  3.444E-10
35  1 -1.984E-03  2.632E-04
35  2 -4.451E-04  5.456E-05
35  3 -4.168E-03  5.923E-04
35  4 -1.855E-03  2.624E-04
35  5 -2.180E-04  5.870E-06
35  6 -1.240E-03  1.224E-04
35 11  5.013E-07 -8.277E-10
35 13 -2.425E-01  1.323E-01
35 14 -6.556E-02  3.208E-02
35 15 -1.965E-01  1.161E-01
35 16 -2.128E-01  1.543E-01
35 17 -5.699E-02  2.105E-02
35 18 -1.259E-01  7.411E-02
35 19 -7.195E-02  3.556E-02
35 20  1.095E-02 -4.769E-03
35 21 -9.941E-02  5.913E-02
35 22 -3.078E-02  2.492E-02
35 23 -8.714E-02  6.694E-02
35 24 -3.880E-02  1.908E-02
35 25 -2.425E-01  1.323E-01
35 26 -6.556E-02  3.208E-02
35 27  1.965E-01 -1.161E-01
35 28 -2.128E-01  1.543E-01
35 29 -5.699E-02  2.105E-02
35 30 -1.259E-01  7.411E-02
35 31 -7.775E-01  5.654E-01
35 32  9.799E-02 -9.252E-02
35 34 -4.723E-01  4.836E-01
35 35 -6.970E-01  1.000E+00
35 36 -3.921E-01  2.677E-01
35 37 -1.984E-03  2.632E-04
35 38 -4.451E-04  5.456E-05
35 39  4.168E-03 -5.923E-04
35 40 -1.855E-03  2.624E-04
35 41 -2.180E-04  5.870E-06
35 42 -1.240E-03  1.224E-04
35 43 -7.195E-02  3.556E-02
35 44  1.095E-02 -4.769E-03
35 45  9.941E-02 -5.913E-02
35 46 -3.078E-02  2.492E-02
35 47 -8.714E-02  6.694E-02
35 48 -3.880E-02  1.908E-02
35 59  5.013E-07 -8.277E-10
36  1 -1.993E-03  2.649E-04
36  2 -1.805E-03  2.567E-04
36  3 -4.188E-03  5.963E-04
36  4 -6.341E-04  8.145E-05
36  5 -1.240E-03  1.224E-04
36  6 -2.227E-04  6.081E-06
36 12  4.999E-07 -8.277E-10
36 13 -2.434E-01  1.329E-01
36 14 -2.054E-01  1.506E-01
36 15 -1.971E-01  1.166E-01
36 16 -8.720E-02  4.779E-02
36 17 -1.259E-01  7.411E-02
36 18 -5.751E-02  2.128E-02
36 19 -7.207E-02  3.560E-02
36 20 -3.173E-02  2.528E-02
36 21 -9.958E-02  5.921E-02
36 22  7.849E-03 -2.250E-03
36 23 -3.880E-02  1.908E-02
36 24 -8.721E-02  6.694E-02
36 25 -2.434E-01  1.329E-01
36 26 -2.054E-01  1.506E-01
36 27  1.971E-01 -1.166E-01
36 28 -8.720E-02  4.779E-02
36 29 -1.259E-01  7.411E-02
36 30 -5.751E-02  2.128E-02
36 31 -7.787E-01  5.662E-01
36 32 -4.801E-01  4.907E-01
36 34  5.055E-02 -4.368E-02
36 35 -3.921E-01  2.677E-01
36 36 -6.979E-01  1.000E+00
36 37 -1.993E-03  2.649E-04
36 38 -1.805E-03  2.567E-04
36 39  4.188E-03 -5.963E-04
36 40 -6.341E-04  8.145E-05
36 41 -1.240E-03  1.224E-04
36 42 -2.227E-04  6.081E-06
36 43 -7.207E-02  3.560E-02
36 44 -3.173E-02  2.528E-02
36 45  9.958E-02 -5.921E-02
36 46  7.849E-03 -2.250E-03
36 47 -3.880E-02  1.908E-02
36 48 -8.721E-02  6.694E-02
36 60  4.999E-07 -8.277E-10
37  1  5.348E-06  2.002E-10
37  3 -1.453E-05 -6.624E-10
37  7 -3.998E-03  7.288E-04
37  8  1.240E-03 -2.462E-04
37  9  8.622E-03 -1.688E-03
37 10  1.377E-03 -2.733E-04
37 11 -1.984E-03  2.632E-04
37 12 -1.993E-03  2.649E-04
37 13  5.348E-06  2.002E-10
37 15  1.453E-05  6.624E-10
37 25 -1.166E-01  5.220E-02
37 27 -1.750E-01  9.231E-02
37 29 -7.195E-02  3.556E-02
37 30 -7.207E-02  3.560E-02
37 31 -3.998E-03  7.288E-04
37 32  1.240E-03 -2.462E-04
37 33 -8.622E-03  1.688E-03
37 34  1.377E-03 -2.733E-04
37 35 -1.984E-03  2.632E-04
37 36 -1.993E-03  2.649E-04
37 37 -1.153E+00  1.000E+00
37 39 -2.166E-12 -4.640E-13
37 41 -7.775E-01  5.654E-01
37 42 -7.787E-01  5.662E-01
37 43 -5.671E-01  3.373E-01
37 44  2.075E-01 -1.469E-01
37 45 -4.743E-01  3.356E-01
37 46  2.304E-01 -1.631E-01
37 47 -2.425E-01  1.323E-01
37 48 -2.434E-01  1.329E-01
37 49 -1.166E-01  5.220E-02
37 51  1.750E-01 -9.231E-02
37 53 -7.195E-02  3.556E-02
37 54 -7.207E-02  3.560E-02
37 55 -5.671E-01  3.373E-01
37 56  2.075E-01 -1.469E-01
37 57  4.743E-01 -3.356E-01
37 58  2.304E-01 -1.631E-01
37 59 -2.425E-01  1.323E-01
37 60 -2.434E-01  1.329E-01
38  2  7.552E-08  3.444E-10
38  7 -1.240E-03  2.462E-04
38  8 -9.255E-04  1.287E-04
38  9  2.783E-03 -5.985E-04
38 10  4.382E-04 -9.692E-05
38 11 -4.451E-04  5.456E-05
38 12 -1.805E-03  2.567E-04
38 14  7.552E-08  3.444E-10
38 26 -4.739E-02  2.724E-02
38 29 -1.095E-02  4.769E-03
38 30  3.173E-02 -2.528E-02
38 31 -1.240E-03  2.462E-04
38 32 -9.255E-04  1.287E-04
38 33 -2.783E-03  5.985E-04
38 34  4.382E-04 -9.692E-05
38 35 -4.451E-04  5.456E-05
38 36 -1.805E-03  2.567E-04
38 38 -5.327E-01  1.000E+00
38 41 -9.799E-02  9.252E-02
38 42  4.801E-01 -4.907E-01
38 43 -2.075E-01  1.469E-01
38 44 -1.794E-01  1.531E-01
38 45 -1.865E-01  1.701E-01
38 46  8.695E-02 -8.265E-02
38 47 -6.556E-02  3.208E-02
38 48 -2.054E-01  1.506E-01
38 50 -4.739E-02  2.724E-02
38 53 -1.095E-02  4.769E-03
38 54  3.173E-02 -2.528E-02
38 55 -2.075E-01  1.469E-01
38 56 -1.794E-01  1.531E-01
38 57  1.865E-01 -1.701E-01
38 58  8.695E-02 -8.265E-02
38 59 -6.556E-02  3.208E-02
38 60 -2.054E-01  1.506E-01
39  1  1.453E-05  6.624E-10
39  3 -3.943E-05 -1.838E-09
39  7 -8.622E-03  1.688E-03
39  8  2.783E-03 -5.985E-04
39  9  1.837E-02 -3.887E-03
39 10  3.090E-03 -6.644E-04
39 11 -4.168E-03  5.923E-04
39 12 -4.188E-03  5.963E-04
39 13 -1.453E-05 -6.624E-10
39 15 -3.943E-05 -1.838E-09
39 25  1.750E-01 -9.231E-02
39 27  2.269E-01 -1.536E-01
39 29  9.941E-02 -5.913E-02
39 30  9.958E-02 -5.921E-02
39 31  8.622E-03 -1.688E-03
39 32 -2.783E-03  5.985E-04
39 33  1.837E-02 -3.887E-03
39 34 -3.090E-03  6.644E-04
39 35  4.168E-03 -5.923E-04
39 36  4.188E-03 -5.963E-04
39 37 -1.241E-12  4.640E-13
39 39 -5.874E-01  1.000E+00
39 43  4.743E-01 -3.356E-01
39 44 -1.865E-01  1.701E-01
39 45  1.594E-01 -1.612E-01
39 46 -2.072E-01  1.889E-01
39 47  1.965E-01 -1.161E-01
39 48  1.971E-01 -1.166E-01
39 49 -1.750E-01  9.231E-02
39 51  2.269E-01 -1.536E-01
39 53 -9.941E-02  5.913E-02
39 54 -9.958E-02  5.921E-02
39 55 -4.743E-01  3.356E-01
39 56  1.865E-01 -1.701E-01
39 57  1.594E-01 -1.612E-01
39 58  2.072E-01 -1.889E-01
39 59 -1.965E-01  1.161E-01
39 60 -1.971E-01  1.166E-01
40  4  7.578E-08  3.444E-10
40  7 -1.377E-03  2.733E-04
40  8  4.382E-04 -9.692E-05
40  9  3.090E-03 -6.644E-04
40 10 -8.337E-04  1.084E-04
40 11 -1.855E-03  2.624E-04
40 12 -6.341E-04  8.145E-05
40 16  7.578E-08  3.444E-10
40 28 -4.802E-02  2.724E-02
40 29  3.078E-02 -2.492E-02
40 30 -7.849E-03  2.250E-03
40 31 -1.377E-03  2.733E-04
40 32  4.382E-04 -9.692E-05
40 33 -3.090E-03  6.644E-04
40 34 -8.337E-04  1.084E-04
40 35 -1.855E-03  2.624E-04
40 36 -6.341E-04  8.145E-05
40 40 -5.353E-01  1.000E+00
40 41  4.723E-01 -4.836E-01
40 42 -5.055E-02  4.368E-02
40 43 -2.304E-01  1.631E-01
40 44  8.695E-02 -8.265E-02
40 45 -2.072E-01  1.889E-01
40 46 -1.610E-01  1.358E-01
40 47 -2.128E-01  1.543E-01
40 48 -8.720E-02  4.779E-02
40 52 -4.802E-02  2.724E-02
40 53  3.078E-02 -2.492E-02
40 54 -7.849E-03  2.250E-03
40 55 -2.304E-01  1.631E-01
40 56  8.695E-02 -8.265E-02
40 57  2.072E-01 -1.889E-01
40 58 -1.610E-01  1.358E-01
40 59 -2.128E-01  1.543E-01
40 60 -8.720E-02  4.779E-02
41  5  5.013E-07 -8.277E-10
41  7 -1.984E-03  2.632E-04
41  8  4.451E-04 -5.456E-05
41  9  4.168E-03 -5.923E-04
41 10  1.855E-03 -2.624E-04
41 11 -2.180E-04  5.870E-06
41 12 -1.240E-03  1.224E-04
41 17  5.013E-07 -8.277E-10
41 25 -7.195E-02  3.556E-02
41 26 -1.095E-02  4.769E-03
41 27 -9.941E-02  5.913E-02
41 28  3.078E-02 -2.492E-02
41 29 -8.714E-02  6.694E-02
41 30 -3.880E-02  1.908E-02
41 31 -1.984E-03  2.632E-04
41 32  4.451E-04 -5.456E-05
41 33 -4.168E-03  5.923E-04
41 34  1.855E-03 -2.624E-04
41 35 -2.180E-04  5.870E-06
41 36 -1.240E-03  1.224E-04
41 37 -7.775E-01  5.654E-01
41 38 -9.799E-02  9.252E-02
41 40  4.723E-01 -4.836E-01
41 41 -6.970E-01  1.000E+00
41 42 -3.921E-01  2.677E-01
41 43 -2.425E-01  1.323E-01
41 44  6.556E-02 -3.208E-02
41 45 -1.965E-01  1.161E-01
41 46  2.128E-01 -1.543E-01
41 47 -5.699E-02  2.105E-02
41 48 -1.259E-01  7.411E-02
41 49 -7.195E-02  3.556E-02
41 50 -1.095E-02  4.769E-03
41 51  9.941E-02 -5.913E-02
41 52  3.078E-02 -2.492E-02
41 53 -8.714E-02  6.694E-02
41 54 -3.880E-02  1.908E-02
41 55 -2.425E-01  1.323E-01
41 56  6.556E-02 -3.208E-02
41 57  1.965E-01 -1.161E-01
41 58  2.128E-01 -1.543E-01
41 59 -5.699E-02  2.105E-02
41 60 -1.259E-01  7.411E-02
42  6  4.999E-07 -8.277E-10
42  7 -1.993E-03  2.649E-04
42  8  1.805E-03 -2.567E-04
42  9  4.188E-03 -5.963E-04
42 10  6.341E-04 -8.145E-05
42 11 -1.240E-03  1.224E-04
42 12 -2.227E-04  6.081E-06
42 18  4.999E-07 -8.277E-10
42 25 -7.207E-02  3.560E-02
42 26  3.173E-02 -2.528E-02
42 27 -9.958E-02  5.921E-02
42 28 -7.849E-03  2.250E-03
42 29 -3.880E-02  1.908E-02
42 30 -8.721E-02  6.694E-02
42 31 -1.993E-03  2.649E-04
42 32  1.805E-03 -2.567E-04
42 33 -4.188E-03  5.963E-04
42 34  6.341E-04 -8.145E-05
42 35 -1.240E-03  1.224E-04
42 36 -2.227E-04  6.081E-06
42 37 -7.787E-01  5.662E-01
42 38  4.801E-01 -4.907E-01
42 40 -5.055E-02  4.368E-02
42 41 -3.921E-01  2.677E-01
42 42 -6.979E-01  1.000E+00
42 43 -2.434E-01  1.329E-01
42 44  2.054E-01 -1.506E-01
42 45 -1.971E-01  1.166E-01
42 46  8.720E-02 -4.779E-02
42 47 -1.259E-01  7.411E-02
42 48 -5.751E-02  2.128E-02
42 49 -7.207E-02  3.560E-02
42 50  3.173E-02 -2.528E-02
42 51  9.958E-02 -5.921E-02
42 52 -7.849E-03  2.250E-03
42 53 -3.880E-02  1.908E-02
42 54 -8.721E-02  6.694E-02
42 55 -2.434E-01  1.329E-01
42 56  2.054E-01 -1.506E-01
42 57  1.971E-01 -1.166E-01
42 58  8.720E-02 -4.779E-02
42 59 -1.259E-01  7.411E-02
42 60 -5.751E-02  2.128E-02
43  7  5.348E-06  2.002E-10
43  9 -1.453E-05 -6.624E-10
43 13 -3.998E-03  7.288E-04
43 14 -1.240E-03  2.462E-04
43 15 -8.622E-03  1.688E-03
43 16 -1.377E-03  2.733E-04
43 17 -1.984E-03  2.632E-04
43 18 -1.993E-03  2.649E-04
43 19  5.348E-06  2.002E-10
43 21  1.453E-05  6.624E-10
43 25 -5.671E-01  3.373E-01
43 26 -2.075E-01  1.469E-01
43 27 -4.743E-01  3.356E-01
43 28 -2.304E-01  1.631E-01
43 29 -2.425E-01  1.323E-01
43 30 -2.434E-01  1.329E-01
43 31 -1.166E-01  5.220E-02
43 33 -1.750E-01  9.231E-02
43 35 -7.195E-02  3.556E-02
43 36 -7.207E-02  3.560E-02
43 37 -5.671E-01  3.373E-01
43 38 -2.075E-01  1.469E-01
43 39  4.743E-01 -3.356E-01
43 40 -2.304E-01  1.631E-01
43 41 -2.425E-01  1.323E-01
43 42 -2.434E-01  1.329E-01
43 43 -1.153E+00  1.000E+00
43 45 -2.168E-12 -4.640E-13
43 47 -7.775E-01  5.654E-01
43 48 -7.787E-01  5.662E-01
43 49 -3.998E-03  7.288E-04
43 50 -1.240E-03  2.462E-04
43 51  8.622E-03 -1.688E-03
43 52 -1.377E-03  2.733E-04
43 53 -1.984E-03  2.632E-04
43 54 -1.993E-03  2.649E-04
43 55 -1.166E-01  5.220E-02
43 57  1.750E-01 -9.231E-02
43 59 -7.195E-02  3.556E-02
43 60 -7.207E-02  3.560E-02
44  8  7.552E-08  3.444E-10
44 13  1.240E-03 -2.462E-04
44 14 -9.255E-04  1.287E-04
44 15  2.783E-03 -5.985E-04
44 16  4.382E-04 -9.692E-05
44 17  4.451E-04 -5.456E-05
44 18  1.805E-03 -2.567E-04
44 20  7.552E-08  3.444E-10
44 25  2.075E-01 -1.469E-01
44 26 -1.794E-01  1.531E-01
44 27  1.865E-01 -1.701E-01
44 28  8.695E-02 -8.265E-02
44 29  6.556E-02 -3.208E-02
44 30  2.054E-01 -1.506E-01
44 32 -4.739E-02  2.724E-02
44 35  1.095E-02 -4.769E-03
44 36 -3.173E-02  2.528E-02
44 37  2.075E-01 -1.469E-01
44 38 -1.794E-01  1.531E-01
44 39 -1.865E-01  1.701E-01
44 40  8.695E-02 -8.265E-02
44 41  6.556E-02 -3.208E-02
44 42  2.054E-01 -1.506E-01
44 44 -5.327E-01  1.000E+00
44 47  9.799E-02 -9.252E-02
44 48 -4.801E-01  4.907E-01
44 49  1.240E-03 -2.462E-04
44 50 -9.255E-04  1.287E-04
44 51 -2.783E-03  5.985E-04
44 52  4.382E-04 -9.692E-05
44 53  4.451E-04 -5.456E-05
44 54  1.805E-03 -2.567E-04
44 56 -4.739E-02  2.724E-02
44 59  1.095E-02 -4.769E-03
44 60 -3.173E-02  2.528E-02
45  7  1.453E-05  6.624E-10
45  9 -3.943E-05 -1.838E-09
45 13  8.622E-03 -1.688E-03
45 14  2.783E-03 -5.985E-04
45 15  1.837E-02 -3.887E-03
45 16  3.090E-03 -6.644E-04
45 17  4.168E-03 -5.923E-04
45 18  4.188E-03 -5.963E-04
45 19 -1.453E-05 -6.624E-10
45 21 -3.943E-05 -1.838E-09
45 25  4.743E-01 -3.356E-01
45 26  1.865E-01 -1.701E-01
45 27  1.594E-01 -1.612E-01
45 28  2.072E-01 -1.889E-01
45 29  1.965E-01 -1.161E-01
45 30  1.971E-01 -1.166E-01
45 31  1.750E-01 -9.231E-02
45 33  2.269E-01 -1.536E-01
45 35  9.941E-02 -5.913E-02
45 36  9.958E-02 -5.921E-02
45 37 -4.743E-01  3.356E-01
45 38 -1.865E-01  1.701E-01
45 39  1.594E-01 -1.612E-01
45 40 -2.072E-01  1.889E-01
45 41 -1.965E-01  1.161E-01
45 42 -1.971E-01  1.166E-01
45 43 -1.243E-12  4.640E-13
45 45 -5.874E-01  1.000E+00
45 49 -8.622E-03  1.688E-03
45 50 -2.783E-03  5.985E-04
45 51  1.837E-02 -3.887E-03
45 52 -3.090E-03  6.644E-04
45 53 -4.168E-03  5.923E-04
45 54 -4.188E-03  5.963E-04
45 55 -1.750E-01  9.231E-02
45 57  2.269E-01 -1.536E-01
45 59 -9.941E-02  5.913E-02
45 60 -9.958E-02  5.921E-02
46 10  7.578E-08  3.444E-10
46 13  1.377E-03 -2.733E-04
46 14  4.382E-04 -9.692E-05
46 15  3.090E-03 -6.644E-04
46 16 -8.337E-04  1.084E-04
46 17  1.855E-03 -2.624E-04
46 18  6.341E-04 -8.145E-05
46 22  7.578E-08  3.444E-10
46 25  2.304E-01 -1.631E-01
46 26  8.695E-02 -8.265E-02
46 27  2.072E-01 -1.889E-01
46 28 -1.610E-01  1.358E-01
46 29  2.128E-01 -1.543E-01
46 30  8.720E-02 -4.779E-02
46 34 -4.802E-02  2.724E-02
46 35 -3.078E-02  2.492E-02
46 36  7.849E-03 -2.250E-03
46 37  2.304E-01 -1.631E-01
46 38  8.695E-02 -8.265E-02
46 39 -2.072E-01  1.889E-01
46 40 -1.610E-01  1.358E-01
46 41  2.128E-01 -1.543E-01
46 42  8.720E-02 -4.779E-02
46 46 -5.353E-01  1.000E+00
46 47 -4.723E-01  4.836E-01
46 48  5.055E-02 -4.368E-02
46 49  1.377E-03 -2.733E-04
46 50  4.382E-04 -9.692E-05
46 51 -3.090E-03  6.644E-04
46 52 -8.337E-04  1.084E-04
46 53  1.855E-03 -2.624E-04
46 54  6.341E-04 -8.145E-05
46 58 -4.802E-02  2.724E-02
46 59 -3.078E-02  2.492E-02
46 60  7.849E-03 -2.250E-03
47 11  5.013E-07 -8.277E-10
47 13 -1.984E-03  2.632E-04
47 14 -4.451E-04  5.456E-05
47 15 -4.168E-03  5.923E-04
47 16 -1.855E-03  2.624E-04
47 17 -2.180E-04  5.870E-06
47 18 -1.240E-03  1.224E-04
47 23  5.013E-07 -8.277E-10
47 25 -2.425E-01  1.323E-01
47 26 -6.556E-02  3.208E-02
47 27 -1.965E-01  1.161E-01
47 28 -2.128E-01  1.543E-01
47 29 -5.699E-02  2.105E-02
47 30 -1.259E-01  7.411E-02
47 31 -7.195E-02  3.556E-02
47 32  1.095E-02 -4.769E-03
47 33 -9.941E-02  5.913E-02
47 34 -3.078E-02  2.492E-02
47 35 -8.714E-02  6.694E-02
47 36 -3.880E-02  1.908E-02
47 37 -2.425E-01  1.323E-01
47 38 -6.556E-02  3.208E-02
47 39  1.965E-01 -1.161E-01
47 40 -2.128E-01  1.543E-01
47 41 -5.699E-02  2.105E-02
47 42 -1.259E-01  7.411E-02
47 43 -7.775E-01  5.654E-01
47 44  9.799E-02 -9.252E-02
47 46 -4.723E-01  4.836E-01
47 47 -6.970E-01  1.000E+00
47 48 -3.921E-01  2.677E-01
47 49 -1.984E-03  2.632E-04
47 50 -4.451E-04  5.456E-05
47 51  4.168E-03 -5.923E-04
47 52 -1.855E-03  2.624E-04
47 53 -2.180E-04  5.870E-06
47 54 -1.240E-03  1.224E-04
47 55 -7.195E-02  3.556E-02
47 56  1.095E-02 -4.769E-03
47 57  9.941E-02 -5.913E-02
47 58 -3.078E-02  2.492E-02
47 59 -8.714E-02  6.694E-02
47 60 -3.880E-02  1.908E-02
48 12  4.999E-07 -8.277E-10
48 13 -1.993E-03  2.649E-04
48 14 -1.805E-03  2.567E-04
48 15 -4.188E-03  5.963E-04
48 16 -6.341E-04  8.145E-05
48 17 -1.240E-03  1.224E-04
48 18 -2.227E-04  6.081E-06
48 24  4.999E-07 -8.277E-10
48 25 -2.434E-01  1.329E-01
48 26 -2.054E-01  1.506E-01
48 27 -1.971E-01  1.166E-01
48 28 -8.720E-02  4.779E-02
48 29 -1.259E-01  7.411E-02
48 30 -5.751E-02  2.128E-02
48 31 -7.207E-02  3.560E-02
48 32 -3.173E-02  2.528E-02
48 33 -9.958E-02  5.921E-02
48 34  7.849E-03 -2.250E-03
48 35 -3.880E-02  1.908E-02
48 36 -8.721E-02  6.694E-02
48 37 -2.434E-01  1.329E-01
48 38 -2.054E-01  1.506E-01
48 39  1.971E-01 -1.166E-01
48 40 -8.720E-02  4.779E-02
48 41 -1.259E-01  7.411E-02
48 42 -5.751E-02  2.128E-02
48 43 -7.787E-01  5.662E-01
48 44 -4.801E-01  4.907E-01
48 46  5.055E-02 -4.368E-02
48 47 -3.921E-01  2.677E-01
48 48 -6.979E-01  1.000E+00
48 49 -1.993E-03  2.649E-04
48 50 -1.805E-03  2.567E-04
48 51  4.188E-03 -5.963E-04
48 52 -6.341E-04  8.145E-05
48 53 -1.240E-03  1.224E-04
48 54 -2.227E-04  6.081E-06
48 55 -7.207E-02  3.560E-02
48 56 -3.173E-02  2.528E-02
48 57  9.958E-02 -5.921E-02
48 58  7.849E-03 -2.250E-03
48 59 -3.880E-02  1.908E-02
48 60 -8.721E-02  6.694E-02
49  1 -1.166E-01  5.220E-02
49  3  1.750E-01 -9.231E-02
49  5 -7.195E-02  3.556E-02
49  6 -7.207E-02  3.560E-02
49  7 -5.671E-01  3.373E-01
49  8  2.075E-01 -1.469E-01
49  9  4.743E-01 -3.356E-01
49 10  2.304E-01 -1.631E-01
49 11 -2.425E-01  1.323E-01
49 12 -2.434E-01  1.329E-01
49 13  5.348E-06  2.002E-10
49 15 -1.453E-05 -6.624E-10
49 19 -3.998E-03  7.288E-04
49 20  1.240E-03 -2.462E-04
49 21  8.622E-03 -1.688E-03
49 22  1.377E-03 -2.733E-04
49 23 -1.984E-03  2.632E-04
49 24 -1.993E-03  2.649E-04
49 25  5.348E-06  2.002E-10
49 27  1.453E-05  6.624E-10
49 37 -1.166E-01  5.220E-02
49 39 -1.750E-01  9.231E-02
49 41 -7.195E-02  3.556E-02
49 42 -7.207E-02  3.560E-02
49 43 -3.998E-03  7.288E-04
49 44  1.240E-03 -2.462E-04
49 45 -8.622E-03  1.688E-03
49 46  1.377E-03 -2.733E-04
49 47 -1.984E-03  2.632E-04
49 48 -1.993E-03  2.649E-04
49 49 -1.153E+00  1.000E+00
49 51 -2.166E-12 -4.640E-13
49 53 -7.775E-01  5.654E-01
49 54 -7.787E-01  5.662E-01
49 55 -5.671E-01  3.373E-01
49 56  2.075E-01 -1.469E-01
49 57 -4.743E-01  3.356E-01
49 58  2.304E-01 -1.631E-01
49 59 -2.425E-01  1.323E-01
49 60 -2.434E-01  1.329E-01
50  2 -4.739E-02  2.724E-02
50  5 -1.095E-02  4.769E-03
50  6  3.173E-02 -2.528E-02
50  7 -2.075E-01  1.469E-01
50  8 -1.794E-01  1.531E-01
50  9  1.865E-01 -1.701E-01
50 10  8.695E-02 -8.265E-02
50 11 -6.556E-02  3.208E-02
50 12 -2.054E-01  1.506E-01
50 14  7.552E-08  3.444E-10
50 19 -1.240E-03  2.462E-04
50 20 -9.255E-04  1.287E-04
50 21  2.783E-03 -5.985E-04
50 22  4.382E-04 -9.692E-05
50 23 -4.451E-04  5.456E-05
50 24 -1.805E-03  2.567E-04
50 26  7.552E-08  3.444E-10
50 38 -4.739E-02  2.724E-02
50 41 -1.095E-02  4.769E-03
50 42  3.173E-02 -2.528E-02
50 43 -1.240E-03  2.462E-04
50 44 -9.255E-04  1.287E-04
50 45 -2.783E-03  5.985E-04
50 46  4.382E-04 -9.692E-05
50 47 -4.451E-04  5.456E-05
50 48 -1.805E-03  2.567E-04
50 50 -5.327E-01  1.000E+00
50 53 -9.799E-02  9.252E-02
50 54  4.801E-01 -4.907E-01
50 55 -2.075E-01  1.469E-01
50 56 -1.794E-01  1.531E-01
50 57 -1.865E-01  1.701E-01
50 58  8.695E-02 -8.265E-02
50 59 -6.556E-02  3.208E-02
50 60 -2.054E-01  1.506E-01
51  1 -1.750E-01  9.231E-02
51  3  2.269E-01 -1.536E-01
51  5 -9.941E-02  5.913E-02
51  6 -9.958E-02  5.921E-02
51  7 -4.743E-01  3.356E-01
51  8  1.865E-01 -1.701E-01
51  9  1.594E-01 -1.612E-01
51 10  2.072E-01 -1.889E-01
51 11 -1.965E-01  1.161E-01
51 12 -1.971E-01  1.166E-01
51 13  1.453E-05  6.624E-10
51 15 -3.943E-05 -1.838E-09
51 19 -8.622E-03  1.688E-03
51 20  2.783E-03 -5.985E-04
51 21  1.837E-02 -3.887E-03
51 22  3.090E-03 -6.644E-04
51 23 -4.168E-03  5.923E-04
51 24 -4.188E-03  5.963E-04
51 25 -1.453E-05 -6.624E-10
51 27 -3.943E-05 -1.838E-09
51 37  1.750E-01 -9.231E-02
51 39  2.269E-01 -1.536E-01
51 41  9.941E-02 -5.913E-02
51 42  9.958E-02 -5.921E-02
51 43  8.622E-03 -1.688E-03
51 44 -2.783E-03  5.985E-04
51 45  1.837E-02 -3.887E-03
51 46 -3.090E-03  6.644E-04
51 47  4.168E-03 -5.923E-04
51 48  4.188E-03 -5.963E-04
51 49 -1.241E-12  4.640E-13
51 51 -5.874E-01  1.000E+00
51 55  4.743E-01 -3.356E-01
51 56 -1.865E-01  1.701E-01
51 57  1.594E-01 -1.612E-01
51 58 -2.072E-01  1.889E-01
51 59  1.965E-01 -1.161E-01
51 60  1.971E-01 -1.166E-01
52  4 -4.802E-02  2.724E-02
52  5  3.078E-02 -2.492E-02
52  6 -7.849E-03  2.250E-03
52  7 -2.304E-01  1.631E-01
52  8  8.695E-02 -8.265E-02
52  9  2.072E-01 -1.889E-01
52 10 -1.610E-01  1.358E-01
52 11 -2.128E-01  1.543E-01
52 12 -8.720E-02  4.779E-02
52 16  7.578E-08  3.444E-10
52 19 -1.377E-03  2.733E-04
52 20  4.382E-04 -9.692E-05
52 21  3.090E-03 -6.644E-04
52 22 -8.337E-04  1.084E-04
52 23 -1.855E-03  2.624E-04
52 24 -6.341E-04  8.145E-05
52 28  7.578E-08  3.444E-10
52 40 -4.802E-02  2.724E-02
52 41  3.078E-02 -2.492E-02
52 42 -7.849E-03  2.250E-03
52 43 -1.377E-03  2.733E-04
52 44  4.382E-04 -9.692E-05
52 45 -3.090E-03  6.644E-04
52 46 -8.337E-04  1.084E-04
52 47 -1.855E-03  2.624E-04
52 48 -6.341E-04  8.145E-05
52 52 -5.353E-01  1.000E+00
52 53  4.723E-01 -4.836E-01
52 54 -5.055E-02  4.368E-02
52 55 -2.304E-01  1.631E-01
52 56  8.695E-02 -8.265E-02
52 57 -2.072E-01  1.889E-01
52 58 -1.610E-01  1.358E-01
52 59 -2.128E-01  1.543E-01
52 60 -8.720E-02  4.779E-02
53  1 -7.195E-02  3.556E-02
53  2 -1.095E-02  4.769E-03
53  3  9.941E-02 -5.913E-02
53  4  3.078E-02 -2.492E-02
53  5 -8.714E-02  6.694E-02
53  6 -3.880E-02  1.908E-02
53  7 -2.425E-01  1.323E-01
53  8  6.556E-02 -3.208E-02
53  9  1.965E-01 -1.161E-01
53 10  2.128E-01 -1.543E-01
53 11 -5.699E-02  2.105E-02
53 12 -1.259E-01  7.411E-02
53 17  5.013E-07 -8.277E-10
53 19 -1.984E-03  2.632E-04
53 20  4.451E-04 -5.456E-05
53 21  4.168E-03 -5.923E-04
53 22  1.855E-03 -2.624E-04
53 23 -2.180E-04  5.870E-06
53 24 -1.240E-03  1.224E-04
53 29  5.013E-07 -8.277E-10
53 37 -7.195E-02  3.556E-02
53 38 -1.095E-02  4.769E-03
53 39 -9.941E-02  5.913E-02
53 40  3.078E-02 -2.492E-02
53 41 -8.714E-02  6.694E-02
53 42 -3.880E-02  1.908E-02
53 43 -1.984E-03  2.632E-04
53 44  4.451E-04 -5.456E-05
53 45 -4.168E-03  5.923E-04
53 46  1.855E-03 -2.624E-04
53 47 -2.180E-04  5.870E-06
53 48 -1.240E-03  1.224E-04
53 49 -7.775E-01  5.654E-01
53 50 -9.799E-02  9.252E-02
53 52  4.723E-01 -4.836E-01
53 53 -6.970E-01  1.000E+00
53 54 -3.921E-01  2.677E-01
53 55 -2.425E-01  1.323E-01
53 56  6.556E-02 -3.208E-02
53 57 -1.965E-01  1.161E-01
53 58  2.128E-01 -1.543E-01
53 59 -5.699E-02  2.105E-02
53 60 -1.259E-01  7.411E-02
54  1 -7.207E-02  3.560E-02
54  2  3.173E-02 -2.528E-02
54  3  9.958E-02 -5.921E-02
54  4 -7.849E-03  2.250E-03
54  5 -3.880E-02  1.908E-02
54  6 -8.721E-02  6.694E-02
54  7 -2.434E-01  1.329E-01
54  8  2.054E-01 -1.506E-01
54  9  1.971E-01 -1.166E-01
54 10  8.720E-02 -4.779E-02
54 11 -1.259E-01  7.411E-02
54 12 -5.751E-02  2.128E-02
54 18  4.999E-07 -8.277E-10
54 19 -1.993E-03  2.649E-04
54 20  1.805E-03 -2.567E-04
54 21  4.188E-03 -5.963E-04
54 22  6.341E-04 -8.145E-05
54 23 -1.240E-03  1.224E-04
54 24 -2.227E-04  6.081E-06
54 30  4.999E-07 -8.277E-10
54 37 -7.207E-02  3.560E-02
54 38  3.173E-02 -2.528E-02
54 39 -9.958E-02  5.921E-02
54 40 -7.849E-03  2.250E-03
54 41 -3.880E-02  1.908E-02
54 42 -8.721E-02  6.694E-02
54 43 -1.993E-03  2.649E-04
54 44  1.805E-03 -2.567E-04
54 45 -4.188E-03  5.963E-04
54 46  6.341E-04 -8.145E-05
54 47 -1.240E-03  1.224E-04
54 48 -2.227E-04  6.081E-06
54 49 -7.787E-01  5.662E-01
54 50  4.801E-01 -4.907E-01
54 52 -5.055E-02  4.368E-02
54 53 -3.921E-01  2.677E-01
54 54 -6.979E-01  1.000E+00
54 55 -2.434E-01  1.329E-01
54 56  2.054E-01 -1.506E-01
54 57 -1.971E-01  1.166E-01
54 58  8.720E-02 -4.779E-02
54 59 -1.259E-01  7.411E-02
54 60 -5.751E-02  2.128E-02
55  1 -3.998E-03  7.288E-04
55  2 -1.240E-03  2.462E-04
55  3  8.622E-03 -1.688E-03
55  4 -1.377E-03  2.733E-04
55  5 -1.984E-03  2.632E-04
55  6 -1.993E-03  2.649E-04
55  7 -1.166E-01  5.220E-02
55  9  1.750E-01 -9.231E-02
55 11 -7.195E-02  3.556E-02
55 12 -7.207E-02  3.560E-02
55 19  5.348E-06  2.002E-10
55 21 -1.453E-05 -6.624E-10
55 25 -3.998E-03  7.288E-04
55 26 -1.240E-03  2.462E-04
55 27 -8.622E-03  1.688E-03
55 28 -1.377E-03  2.733E-04
55 29 -1.984E-03  2.632E-04
55 30 -1.993E-03  2.649E-04
55 31  5.348E-06  2.002E-10
55 33  1.453E-05  6.624E-10
55 37 -5.671E-01  3.373E-01
55 38 -2.075E-01  1.469E-01
55 39 -4.743E-01  3.356E-01
55 40 -2.304E-01  1.631E-01
55 41 -2.425E-01  1.323E-01
55 42 -2.434E-01  1.329E-01
55 43 -1.166E-01  5.220E-02
55 45 -1.750E-01  9.231E-02
55 47 -7.195E-02  3.556E-02
55 48 -7.207E-02  3.560E-02
55 49 -5.671E-01  3.373E-01
55 50 -2.075E-01  1.469E-01
55 51  4.743E-01 -3.356E-01
55 52 -2.304E-01  1.631E-01
55 53 -2.425E-01  1.323E-01
55 54 -2.434E-01  1.329E-01
55 55 -1.153E+00  1.000E+00
55 57 -2.168E-12 -4.640E-13
55 59 -7.775E-01  5.654E-01
55 60 -7.787E-01  5.662E-01
56  1  1.240E-03 -2.462E-04
56  2 -9.255E-04  1.287E-04
56  3 -2.783E-03  5.985E-04
56  4  4.382E-04 -9.692E-05
56  5  4.451E-04 -5.456E-05
56  6  1.805E-03 -2.567E-04
56  8 -4.739E-02  2.724E-02
56 11  1.095E-02 -4.769E-03
56 12 -3.173E-02  2.528E-02
56 20  7.552E-08  3.444E-10
56 25  1.240E-03 -2.462E-04
56 26 -9.255E-04  1.287E-04
56 27  2.783E-03 -5.985E-04
56 28  4.382E-04 -9.692E-05
56 29  4.451E-04 -5.456E-05
56 30  1.805E-03 -2.567E-04
56 32  7.552E-08  3.444E-10
56 37  2.075E-01 -1.469E-01
56 38 -1.794E-01  1.531E-01
56 39  1.865E-01 -1.701E-01
56 40  8.695E-02 -8.265E-02
56 41  6.556E-02 -3.208E-02
56 42  2.054E-01 -1.506E-01
56 44 -4.739E-02  2.724E-02
56 47  1.095E-02 -4.769E-03
56 48 -3.173E-02  2.528E-02
56 49  2.075E-01 -1.469E-01
56 50 -1.794E-01  1.531E-01
56 51 -1.865E-01  1.701E-01
56 52  8.695E-02 -8.265E-02
56 53  6.556E-02 -3.208E-02
56 54  2.054E-01 -1.506E-01
56 56 -5.327E-01  1.000E+00
56 59  9.799E-02 -9.252E-02
56 60 -4.801E-01  4.907E-01
57  1 -8.622E-03  1.688E-03
57  2 -2.783E-03  5.985E-04
57  3  1.837E-02 -3.887E-03
57  4 -3.090E-03  6.644E-04
57  5 -4.168E-03  5.923E-04
57  6 -4.188E-03  5.963E-04
57  7 -1.750E-01  9.231E-02
57  9  2.269E-01 -1.536E-01
57 11 -9.941E-02  5.913E-02
57 12 -9.958E-02  5.921E-02
57 19  1.453E-05  6.624E-10
57 21 -3.943E-05 -1.838E-09
57 25  8.622E-03 -1.688E-03
57 26  2.783E-03 -5.985E-04
57 27  1.837E-02 -3.887E-03
57 28  3.090E-03 -6.644E-04
57 29  4.168E-03 -5.923E-04
57 30  4.188E-03 -5.963E-04
57 31 -1.453E-05 -6.624E-10
57 33 -3.943E-05 -1.838E-09
57 37  4.743E-01 -3.356E-01
57 38  1.865E-01 -1.701E-01
57 39  1.594E-01 -1.612E-01
57 40  2.072E-01 -1.889E-01
57 41  1.965E-01 -1.161E-01
57 42  1.971E-01 -1.166E-01
57 43  1.750E-01 -9.231E-02
57 45  2.269E-01 -1.536E-01
57 47  9.941E-02 -5.913E-02
57 48  9.958E-02 -5.921E-02
57 49 -4.743E-01  3.356E-01
57 50 -1.865E-01  1.701E-01
57 51  1.594E-01 -1.612E-01
57 52 -2.072E-01  1.889E-01
57 53 -1.965E-01  1.161E-01
57 54 -1.971E-01  1.166E-01
57 55 -1.243E-12  4.640E-13
57 57 -5.874E-01  1.000E+00
58  1  1.377E-03 -2.733E-04
58  2  4.382E-04 -9.692E-05
58  3 -3.090E-03  6.644E-04
58  4 -8.337E-04  1.084E-04
58  5  1.855E-03 -2.624E-04
58  6  6.341E-04 -8.145E-05
58 10 -4.802E-02  2.724E-02
58 11 -3.078E-02  2.492E-02
58 12  7.849E-03 -2.250E-03
58 22  7.578E-08  3.444E-10
58 25  1.377E-03 -2.733E-04
58 26  4.382E-04 -9.692E-05
58 27  3.090E-03 -6.644E-04
58 28 -8.337E-04  1.084E-04
58 29  1.855E-03 -2.624E-04
58 30  6.341E-04 -8.145E-05
58 34  7.578E-08  3.444E-10
58 37  2.304E-01 -1.631E-01
58 38  8.695E-02 -8.265E-02
58 39  2.072E-01 -1.889E-01
58 40 -1.610E-01  1.358E-01
58 41  2.128E-01 -1.543E-01
58 42  8.720E-02 -4.779E-02
58 46 -4.802E-02  2.724E-02
58 47 -3.078E-02  2.492E-02
58 48  7.849E-03 -2.250E-03
58 49  2.304E-01 -1.631E-01
58 50  8.695E-02 -8.265E-02
58 51 -2.072E-01  1.889E-01
58 52 -1.610E-01  1.358E-01
58 53  2.128E-01 -1.543E-01
58 54  8.720E-02 -4.779E-02
58 58 -5.353E-01  1.000E+00
58 59 -4.723E-01  4.836E-01
58 60  5.055E-02 -4.368E-02
59  1 -1.984E-03  2.632E-04
59  2 -4.451E-04  5.456E-05
59  3  4.168E-03 -5.923E-04
59  4 -1.855E-03  2.624E-04
59  5 -2.180E-04  5.870E-06
59  6 -1.240E-03  1.224E-04
59  7 -7.195E-02  3.556E-02
59  8  1.095E-02 -4.769E-03
59  9  9.941E-02 -5.913E-02
59 10 -3.078E-02  2.492E-02
59 11 -8.714E-02  6.694E-02
59 12 -3.880E-02  1.908E-02
59 23  5.013E-07 -8.277E-10
59 25 -1.984E-03  2.632E-04
59 26 -4.451E-04  5.456E-05
59 27 -4.168E-03  5.923E-04
59 28 -1.855E-03  2.624E-04
59 29 -2.180E-04  5.870E-06
59 30 -1.240E-03  1.224E-04
59 35  5.013E-07 -8.277E-10
59 37 -2.425E-01  1.323E-01
59 38 -6.556E-02  3.208E-02
59 39 -1.965E-01  1.161E-01
59 40 -2.128E-01  1.543E-01
59 41 -5.699E-02  2.105E-02
59 42 -1.259E-01  7.411E-02
59 43 -7.195E-02  3.556E-02
59 44  1.095E-02 -4.769E-03
59 45 -9.941E-02  5.913E-02
59 46 -3.078E-02  2.492E-02
59 47 -8.714E-02  6.694E-02
59 48 -3.880E-02  1.908E-02
59 49 -2.425E-01  1.323E-01
59 50 -6.556E-02  3.208E-02
59 51  1.965E-01 -1.161E-01
59 52 -2.128E-01  1.543E-01
59 53 -5.699E-02  2.105E-02
59 54 -1.259E-01  7.411E-02
59 55 -7.775E-01  5.654E-01
59 56  9.799E-02 -9.252E-02
59 58 -4.723E-01  4.836E-01
59 59 -6.970E-01  1.000E+00
59 60 -3.921E-01  2.677E-01
60  1 -1.993E-03  2.649E-04
60  2 -1.805E-03  2.567E-04
60  3  4.188E-03 -5.963E-04
60  4 -6.341E-04  8.145E-05
60  5 -1.240E-03  1.224E-04
60  6 -2.227E-04  6.081E-06
60  7 -7.207E-02  3.560E-02
60  8 -3.173E-02  2.528E-02
60  9  9.958E-02 -5.921E-02
60 10  7.849E-03 -2.250E-03
60 11 -3.880E-02  1.908E-02
60 12 -8.721E-02  6.694E-02
60 24  4.999E-07 -8.277E-10
60 25 -1.993E-03  2.649E-04
60 26 -1.805E-03  2.567E-04
60 27 -4.188E-03  5.963E-04
60 28 -6.341E-04  8.145E-05
60 29 -1.240E-03  1.224E-04
60 30 -2.227E-04  6.081E-06
60 36  4.999E-07 -8.277E-10
60 37 -2.434E-01  1.329E-01
60 38 -2.054E-01  1.506E-01
60 39 -1.971E-01  1.166E-01
60 40 -8.720E-02  4.779E-02
60 41 -1.259E-01  7.411E-02
60 42 -5.751E-02  2.128E-02
60 43 -7.207E-02  3.560E-02
60 44 -3.173E-02  2.528E-02
60 45 -9.958E-02  5.921E-02
60 46  7.849E-03 -2.250E-03
60 47 -3.880E-02  1.908E-02
60 48 -8.721E-02  6.694E-02
60 49 -2.434E-01  1.329E-01
60 50 -2.054E-01  1.506E-01
60 51  1.971E-01 -1.166E-01
60 52 -8.720E-02  4.779E-02
60 53 -1.259E-01  7.411E-02
60 54 -5.751E-02  2.128E-02
60 55 -7.787E-01  5.662E-01
60 56 -4.801E-01  4.907E-01
60 58  5.055E-02 -4.368E-02
60 59 -3.921E-01  2.677E-01
60 60 -6.979E-01  1.000E+00
